acc: (-0.0193,-0.0466,-0.9854), gyro; (0.0000,0.0000,0.0000)
acc: (-0.0178,-0.0452,-0.9922), gyro; (-0.1829,0.0610,0.0000)
acc: (-0.0186,-0.0452,-0.9900), gyro; (0.1829,-0.0610,0.0610)
acc: (-0.0193,-0.0442,-0.9897), gyro; (0.0000,-0.1220,0.1220)
acc: (-0.0200,-0.0442,-0.9893), gyro; (0.0000,-0.0610,0.1220)
acc: (-0.0210,-0.0447,-0.9924), gyro; (0.0610,-0.0610,0.1829)
acc: (-0.0208,-0.0449,-0.9912), gyro; (0.0000,-0.0610,0.0000)
acc: (-0.0198,-0.0452,-0.9912), gyro; (0.0610,-0.1220,0.1829)
acc: (-0.0190,-0.0459,-0.9902), gyro; (0.1220,-0.1829,0.1220)
acc: (-0.0205,-0.0457,-0.9919), gyro; (0.1220,-0.1829,0.0610)
acc: (-0.0198,-0.0452,-0.9917), gyro; (0.0610,-0.0610,0.1829)
acc: (-0.0190,-0.0459,-0.9907), gyro; (-0.0610,0.0610,0.0000)
acc: (-0.0188,-0.0447,-0.9907), gyro; (0.1220,0.0000,0.0610)
acc: (-0.0198,-0.0452,-0.9910), gyro; (0.0610,-0.0610,0.1829)
acc: (-0.0188,-0.0452,-0.9917), gyro; (-0.0610,-0.1829,0.0000)
acc: (-0.0178,-0.0464,-0.9902), gyro; (0.0000,0.0000,0.1220)
acc: (-0.0195,-0.0449,-0.9905), gyro; (0.0000,-0.1220,0.1220)
acc: (-0.0198,-0.0452,-0.9900), gyro; (0.0610,-0.0610,0.1220)
acc: (-0.0195,-0.0466,-0.9910), gyro; (0.0000,0.0610,0.0000)
acc: (-0.0203,-0.0464,-0.9890), gyro; (0.0000,-0.0610,-0.0610)
acc: (-0.0142,-0.0598,-1.0095), gyro; (0.4878,-0.3049,0.7927)
acc: (0.0081,-0.0889,-0.9612), gyro; (11.4024,-9.8171,-4.5732)
acc: (-0.0593,0.0166,-1.0132), gyro; (-11.2805,4.1463,-70.4878)
acc: (-0.0237,-0.0532,-0.9810), gyro; (10.5488,-8.6585,8.6585)
acc: (-0.0193,-0.0547,-0.9766), gyro; (-1.4024,1.4024,-0.1220)
acc: (-0.0334,-0.0488,-0.9993), gyro; (-2.6220,2.7439,1.0976)
acc: (-0.0547,-0.0610,-0.9922), gyro; (0.4268,0.1829,7.4390)
acc: (-0.0051,-0.0264,-0.9893), gyro; (1.4634,-0.3659,16.2805)
acc: (-0.0579,-0.0330,-0.9895), gyro; (-0.2439,0.5488,5.6098)
acc: (-0.1016,-0.0190,-0.9919), gyro; (-0.5488,0.3659,2.9268)
acc: (-0.0352,-0.0447,-0.9924), gyro; (-0.3049,-0.5488,-9.5732)
acc: (-0.0168,-0.0686,-0.9890), gyro; (0.0610,-0.9146,-9.1463)
acc: (0.0000,-0.0615,-0.9924), gyro; (-0.4268,-0.5488,-8.6585)
acc: (-0.0012,-0.0444,-0.9912), gyro; (0.8537,-1.3415,-6.0366)
acc: (0.0381,-0.0469,-0.9915), gyro; (0.1220,-0.7927,-7.1341)
acc: (0.0125,-0.0552,-0.9927), gyro; (0.4268,-0.9146,-6.2195)
acc: (0.0134,-0.0527,-0.9939), gyro; (0.9756,-1.0976,-3.1707)
acc: (-0.0139,-0.0488,-0.9922), gyro; (1.4634,-1.4634,1.1585)
acc: (-0.0215,-0.0444,-0.9927), gyro; (1.6463,-1.7073,2.5000)
acc: (-0.0239,-0.0449,-0.9971), gyro; (1.5854,-2.8659,1.3415)
acc: (-0.0339,-0.0291,-1.0093), gyro; (0.8537,-5.1829,-0.4878)
acc: (-0.0984,-0.0369,-1.0339), gyro; (-0.1220,-11.1585,-7.7439)
acc: (-0.1208,-0.0398,-1.0303), gyro; (-1.5854,-25.6707,-16.1585)
acc: (-0.0698,-0.0500,-1.0703), gyro; (-2.8659,-36.1585,-33.1098)
acc: (-0.0774,-0.0869,-1.1211), gyro; (-2.3780,-62.6220,-44.4512)
acc: (-0.1218,-0.0454,-1.1038), gyro; (-5.4268,-97.6220,-41.1585)
acc: (-0.1189,-0.0354,-1.0237), gyro; (-4.3293,-126.0976,-50.1829)
acc: (-0.1377,-0.0430,-0.9941), gyro; (3.2927,-135.3659,-46.4634)
acc: (-0.1375,-0.0520,-0.9983), gyro; (-4.2073,-140.7317,-47.2561)
acc: (-0.1228,-0.0591,-0.9822), gyro; (0.1220,-144.5732,-43.4756)
acc: (-0.1440,-0.0667,-0.9534), gyro; (-5.4268,-144.2683,-35.5488)
acc: (-0.1658,-0.0579,-0.9355), gyro; (-2.3171,-136.8902,-25.0610)
acc: (-0.1675,-0.0566,-0.9348), gyro; (-8.4756,-128.5976,-18.7195)
acc: (-0.1694,-0.0574,-0.9419), gyro; (4.8780,-116.9512,-8.7805)
acc: (-0.1975,-0.0461,-0.9561), gyro; (7.1341,-109.5122,-3.5366)
acc: (-0.2449,-0.0396,-0.9514), gyro; (8.0488,-106.1585,-4.9390)
acc: (-0.2793,-0.0369,-0.9565), gyro; (9.6341,-104.5122,-9.6951)
acc: (-0.2996,-0.0430,-0.9919), gyro; (12.4390,-107.4390,-13.8415)
acc: (-0.3411,-0.0591,-0.9966), gyro; (17.1951,-120.9146,-12.1951)
acc: (-0.3630,-0.0676,-0.9297), gyro; (16.0976,-137.5000,-6.2805)
acc: (-0.3848,-0.0696,-0.8813), gyro; (17.3780,-140.0000,-2.0732)
acc: (-0.3779,-0.0686,-0.8657), gyro; (16.4634,-134.5732,2.5610)
acc: (-0.3901,-0.0657,-0.8601), gyro; (19.1463,-122.9268,5.5488)
acc: (-0.4250,-0.0696,-0.8657), gyro; (22.3780,-112.3171,8.0488)
acc: (-0.4204,-0.0725,-0.8669), gyro; (15.6707,-108.6585,11.0366)
acc: (-0.4492,-0.0786,-0.8660), gyro; (12.7439,-102.7439,11.5244)
acc: (-0.4731,-0.0757,-0.8706), gyro; (19.5732,-101.0976,12.8659)
acc: (-0.4797,-0.0813,-0.8821), gyro; (22.1951,-103.0488,12.5000)
acc: (-0.4868,-0.0850,-0.8811), gyro; (16.9512,-109.7561,13.6585)
acc: (-0.5227,-0.0862,-0.8594), gyro; (10.0000,-117.5610,14.0244)
acc: (-0.5515,-0.0867,-0.8552), gyro; (10.4268,-125.1829,11.3415)
acc: (-0.5962,-0.0833,-0.8342), gyro; (5.6098,-138.1707,5.8537)
acc: (-0.6094,-0.0811,-0.7908), gyro; (-0.8537,-151.4634,0.5488)
acc: (-0.6250,-0.0808,-0.7634), gyro; (-3.8415,-156.4634,-3.7805)
acc: (-0.6133,-0.0806,-0.7607), gyro; (2.7439,-158.2317,-5.8537)
acc: (-0.6091,-0.0874,-0.7617), gyro; (10.0610,-157.1342,-7.6220)
acc: (-0.6396,-0.0867,-0.7397), gyro; (10.9756,-156.8293,-5.3049)
acc: (-0.6694,-0.0823,-0.7068), gyro; (-5.9756,-159.5732,-2.2561)
acc: (-0.7188,-0.0823,-0.6819), gyro; (-25.3049,-162.7439,-1.6463)
acc: (-0.7314,-0.0920,-0.6548), gyro; (-30.4878,-170.5488,-0.7317)
acc: (-0.7275,-0.0908,-0.6184), gyro; (-19.2073,-168.9025,1.0366)
acc: (-0.7102,-0.0688,-0.5886), gyro; (-4.5732,-161.0366,1.1585)
acc: (-0.7039,-0.0715,-0.5881), gyro; (-3.8415,-141.7683,-3.9634)
acc: (-0.7327,-0.0769,-0.5879), gyro; (1.2195,-120.7317,-2.5610)
acc: (-0.7866,-0.0767,-0.5535), gyro; (9.8780,-107.9268,-4.2073)
acc: (-0.8018,-0.0718,-0.5149), gyro; (9.9390,-103.4756,-4.6951)
acc: (-0.6963,-0.0627,-0.5146), gyro; (1.4634,-90.7317,-1.4024)
acc: (-0.8188,-0.0784,-0.5305), gyro; (2.3780,-51.0976,-3.2317)
acc: (-0.8425,-0.0789,-0.5312), gyro; (-10.0610,-54.7561,-4.3293)
acc: (-0.8313,-0.0813,-0.5098), gyro; (-15.5488,-55.6098,-4.6951)
acc: (-0.8367,-0.0938,-0.5061), gyro; (-15.4878,-53.8415,-4.8780)
acc: (-0.8445,-0.0884,-0.5168), gyro; (-12.7439,-53.2317,-1.9512)
acc: (-0.8469,-0.0862,-0.5203), gyro; (-12.7439,-57.6220,-1.8902)
acc: (-0.8550,-0.0715,-0.5198), gyro; (-14.9390,-63.0488,-0.1829)
acc: (-0.8535,-0.1111,-0.4866), gyro; (-6.1585,-69.6341,-1.2805)
acc: (-0.8604,-0.0996,-0.4370), gyro; (11.7683,-68.1707,3.1707)
acc: (-0.8738,-0.0610,-0.4463), gyro; (22.0122,-60.8537,6.7683)
acc: (-0.9016,-0.0679,-0.4712), gyro; (21.2805,-61.0366,2.5610)
acc: (-0.9468,-0.0681,-0.4290), gyro; (24.4512,-79.4512,12.1951)
acc: (-0.9216,-0.0557,-0.4028), gyro; (10.5488,-105.3659,26.2805)
acc: (-0.8730,-0.0701,-0.3909), gyro; (-13.0488,-119.5122,32.9268)
acc: (-0.8909,-0.0830,-0.3804), gyro; (-23.8415,-112.0122,30.4268)
acc: (-0.8665,-0.0830,-0.3569), gyro; (-19.1463,-111.5244,33.5976)
acc: (-0.8701,-0.0671,-0.3398), gyro; (-10.9756,-87.8659,22.5610)
acc: (-0.8999,-0.0725,-0.3337), gyro; (-4.3902,-64.0244,10.3049)
acc: (-0.9277,-0.0730,-0.3254), gyro; (7.9878,-53.5976,8.0488)
acc: (-0.9294,-0.0491,-0.3171), gyro; (10.1829,-52.5000,12.3171)
acc: (-0.9839,-0.0381,-0.3210), gyro; (-2.3171,-54.5732,12.9268)
acc: (-0.9470,-0.0464,-0.3035), gyro; (0.4268,-89.6951,31.1585)
acc: (-0.9170,-0.0422,-0.2686), gyro; (10.6098,-89.0854,32.8659)
acc: (-0.9207,-0.0283,-0.2515), gyro; (8.9634,-74.6341,28.9024)
acc: (-0.9419,-0.0298,-0.2561), gyro; (4.3902,-58.4146,21.5244)
acc: (-0.9700,-0.0286,-0.2593), gyro; (5.4268,-54.0244,21.7683)
acc: (-1.0222,0.0098,-0.2864), gyro; (19.9390,-70.6707,33.5366)
acc: (-1.0696,0.0466,-0.2729), gyro; (44.4512,-131.4024,50.7317)
acc: (-1.0278,0.0413,-0.1758), gyro; (58.2317,-230.8537,63.9024)
acc: (-0.9370,0.0349,-0.1172), gyro; (52.7439,-322.8049,92.0732)
acc: (-0.8706,0.0244,-0.0945), gyro; (59.7561,-379.6342,119.1463)
acc: (-0.8552,0.0134,-0.0686), gyro; (74.9390,-419.2683,130.0610)
acc: (-0.9309,0.0134,0.0271), gyro; (92.8659,-451.8293,134.5732)
acc: (-0.9229,0.0474,0.1411), gyro; (99.0854,-425.7317,131.9512)
acc: (-0.8838,0.1260,0.2000), gyro; (91.9512,-354.1464,124.2683)
acc: (-0.9541,0.1304,0.2251), gyro; (65.1220,-280.6098,95.3049)
acc: (-0.9727,0.1387,0.2327), gyro; (29.5122,-208.4756,76.8293)
acc: (-0.9614,0.1858,0.2656), gyro; (10.7927,-144.3293,53.1098)
acc: (-0.9250,0.1997,0.2966), gyro; (-13.2317,-112.6829,29.8171)
acc: (-0.8987,0.2029,0.3269), gyro; (-38.4756,-110.9146,11.1585)
acc: (-0.8914,0.1777,0.3752), gyro; (-62.6220,-111.4024,-1.5244)
acc: (-0.8855,0.1506,0.4163), gyro; (-90.0000,-107.1341,-5.4878)
acc: (-0.8850,0.1562,0.4067), gyro; (-120.9146,-97.4390,-2.9878)
acc: (-0.8804,0.1406,0.3989), gyro; (-133.1098,-97.0732,-5.0000)
acc: (-0.8694,0.1436,0.4341), gyro; (-134.6342,-100.8537,-8.7195)
acc: (-0.8579,0.1057,0.5061), gyro; (-119.2683,-105.4878,-15.7317)
acc: (-0.8477,0.1040,0.5632), gyro; (-95.1220,-96.0976,-19.9390)
acc: (-0.8203,0.0735,0.5244), gyro; (-72.0732,-80.8537,-23.0488)
acc: (-0.7600,0.0969,0.4839), gyro; (-43.7195,-98.3537,-32.6829)
acc: (-0.7227,0.1038,0.4944), gyro; (-10.9756,-145.3659,-49.6341)
acc: (-0.7251,0.0603,0.5159), gyro; (11.1585,-196.2195,-58.1707)
acc: (-0.7634,0.0935,0.5090), gyro; (27.9878,-231.1585,-49.2073)
acc: (-0.8098,0.0557,0.5347), gyro; (47.0122,-259.6342,-83.9634)
acc: (-0.7366,0.0315,0.5684), gyro; (75.1829,-261.4024,-105.0000)
acc: (-0.6772,0.0413,0.6082), gyro; (114.5122,-279.7561,-121.1585)
acc: (-0.6638,0.0195,0.6636), gyro; (161.8902,-301.3415,-135.6707)
acc: (-0.6387,0.0051,0.7249), gyro; (226.5244,-306.7073,-138.5976)
acc: (-0.5129,0.1140,0.6487), gyro; (262.6829,-320.0610,-119.7561)
acc: (-0.3623,0.1218,0.4614), gyro; (224.0244,-386.1585,-105.7317)
acc: (-0.4646,0.0720,1.0520), gyro; (207.3781,-496.3415,-92.5000)
acc: (-0.3804,0.2166,1.1694), gyro; (191.9512,-408.3537,-27.3780)
acc: (-0.3152,0.1821,0.9932), gyro; (61.8293,-342.1342,-2.1951)
acc: (-0.2361,0.0991,0.8376), gyro; (-96.8293,-293.3537,-25.4878)
acc: (-0.0457,0.0017,0.3594), gyro; (-224.5122,-305.9146,-46.1585)
acc: (0.1960,0.0781,-1.7168), gyro; (-332.0122,-527.5000,-34.4512)
acc: (0.2373,0.0625,-2.1306), gyro; (-208.9025,-1408.9025,-8.5366)
acc: (0.0571,-0.3213,1.2952), gyro; (66.4634,142.3781,74.6341)
acc: (-0.0229,0.3293,1.1912), gyro; (-16.2195,-10.2439,162.5000)
acc: (0.0051,0.1545,0.9326), gyro; (7.0732,0.1220,24.6951)
acc: (0.0383,-0.0151,1.0139), gyro; (-1.5244,-2.3780,-1.5244)
acc: (0.0300,0.0168,1.0127), gyro; (-2.2561,-0.6707,0.0000)
acc: (0.0273,0.0232,1.0046), gyro; (-2.1341,-0.1220,0.0000)
acc: (0.0300,0.0166,1.0068), gyro; (-1.2195,-0.2439,0.1220)
acc: (0.0288,0.0159,1.0066), gyro; (-0.3659,-0.4878,0.1829)
acc: (0.0281,0.0178,1.0076), gyro; (0.6707,-0.6707,0.3049)
acc: (0.0305,0.0156,1.0061), gyro; (0.9756,-0.8537,0.7927)
acc: (0.0437,-0.0105,1.0061), gyro; (2.5610,-0.8537,3.6585)
acc: (0.0391,-0.0134,1.0088), gyro; (4.6341,-0.4268,34.8780)
acc: (0.0249,0.0149,1.0085), gyro; (4.8171,0.7927,69.0244)
acc: (0.0168,0.0310,1.0076), gyro; (5.3049,1.6463,77.2561)
acc: (0.0232,0.0361,1.0076), gyro; (5.4878,1.2805,73.7195)
acc: (0.0334,0.0415,1.0061), gyro; (5.7927,1.3415,63.5976)
acc: (0.0342,0.0381,1.0063), gyro; (5.0000,1.4634,33.5366)
acc: (0.0386,-0.0039,1.0188), gyro; (15.3049,0.3049,-5.9756)
acc: (0.0398,0.0493,1.0071), gyro; (37.6829,0.7317,-24.6341)
acc: (0.0461,-0.1030,1.1143), gyro; (34.3902,-8.2927,-40.6098)
acc: (0.0913,-0.0305,0.9216), gyro; (143.9024,0.3049,-25.8537)
acc: (-0.0227,0.0334,0.9854), gyro; (-15.3049,-0.1829,-49.5122)
acc: (-0.2173,0.0217,1.0286), gyro; (0.1829,-1.5854,11.3415)
acc: (-0.0957,-0.0637,1.0178), gyro; (5.4878,-0.7317,146.1585)
acc: (0.0632,-0.0103,1.0144), gyro; (2.5610,6.4634,107.2561)
acc: (0.1707,0.2131,0.9832), gyro; (-4.2683,18.1098,17.6829)
acc: (0.1125,0.2173,0.9512), gyro; (-1.7073,-3.1098,-37.3171)
acc: (-0.0010,0.1455,1.0076), gyro; (-79.2073,2.6829,-67.9878)
acc: (0.0261,0.1821,1.0420), gyro; (-197.0732,8.7805,-82.4390)
acc: (0.1587,0.0710,0.9990), gyro; (47.7439,-1.1585,-135.0610)
acc: (0.0295,-0.0042,1.0103), gyro; (-5.9146,-1.7073,-112.2561)
acc: (0.0356,-0.0312,1.0066), gyro; (-3.5366,-2.9268,-76.7683)
acc: (0.0439,-0.0164,1.0093), gyro; (-1.0976,-1.5854,-46.0366)
acc: (0.0366,-0.0059,1.0090), gyro; (-0.4878,-0.6707,-15.6098)
acc: (0.0276,0.0261,1.0076), gyro; (-0.0610,0.0000,2.2561)
acc: (0.0291,0.0237,1.0073), gyro; (0.1829,0.0000,-0.0610)
acc: (0.0278,0.0237,1.0083), gyro; (0.0000,0.0000,0.1829)
acc: (0.0278,0.0217,1.0071), gyro; (0.0610,-0.1220,0.1220)
acc: (0.0261,0.0188,1.0059), gyro; (0.0000,0.0000,0.3049)
acc: (0.0295,0.0220,1.0081), gyro; (-0.0610,0.0000,0.1220)
acc: (0.0291,0.0244,1.0066), gyro; (0.0000,-0.0610,0.1220)
acc: (0.0276,0.0229,1.0085), gyro; (0.0610,0.0610,0.1220)
acc: (0.0269,0.0215,1.0085), gyro; (0.1220,-0.1220,0.1829)
acc: (0.0293,0.0220,1.0068), gyro; (0.0000,0.0610,0.0000)
acc: (0.0291,0.0222,1.0068), gyro; (0.0610,-0.0610,0.0610)
acc: (0.0288,0.0229,1.0059), gyro; (-0.1220,-0.0610,0.1220)
acc: (0.0288,0.0227,1.0073), gyro; (0.1220,-0.1829,0.1220)
acc: (0.0283,0.0215,1.0063), gyro; (0.1220,-0.0610,0.1829)
acc: (0.0281,0.0212,1.0061), gyro; (0.0000,0.0000,0.0610)
acc: (0.0295,0.0227,1.0085), gyro; (0.1220,0.0000,0.0610)
acc: (0.0251,0.0247,1.0017), gyro; (0.1829,0.0000,0.2439)
acc: (0.2148,0.0430,0.9731), gyro; (-0.9756,-7.0732,-3.4146)
acc: (0.0913,-0.0469,1.0439), gyro; (-12.1341,-96.4634,2.5000)
acc: (-0.1216,0.0515,1.0103), gyro; (1.5244,18.9024,-4.0854)
acc: (0.0840,0.0396,1.0042), gyro; (0.5488,1.7683,23.4756)
acc: (0.2354,0.0259,1.0015), gyro; (6.1585,6.7073,22.8049)
acc: (0.0481,0.0752,1.0015), gyro; (20.1220,12.4390,-49.9390)
acc: (-0.1130,0.0256,1.0132), gyro; (-12.6220,-11.2805,-70.2439)
acc: (-0.0242,0.0039,1.0100), gyro; (-6.9512,-5.5488,-37.2561)
acc: (0.0312,0.0432,1.0049), gyro; (-3.0488,-1.4634,-36.5244)
acc: (0.0076,0.0142,1.0081), gyro; (-1.4024,-3.1098,-36.7073)
acc: (0.0217,0.0142,1.0056), gyro; (-1.2195,-4.3902,-29.8171)
acc: (0.0371,0.0139,1.0071), gyro; (-0.5488,-4.8171,-26.2195)
acc: (0.0469,0.0276,1.0078), gyro; (0.1220,-5.0000,-18.9634)
acc: (0.0127,-0.0208,1.0083), gyro; (-0.0610,-4.5122,-13.3537)
acc: (0.0378,0.0081,1.0083), gyro; (0.2439,-4.3293,-0.9756)
acc: (0.0486,0.0269,1.0066), gyro; (0.8537,-3.9024,0.9756)
acc: (0.0435,0.0239,1.0073), gyro; (2.1341,-4.9390,1.9512)
acc: (0.0461,0.0222,1.0071), gyro; (0.1220,-6.4634,1.1585)
acc: (0.0496,0.0232,1.0081), gyro; (2.1951,-5.9756,2.6829)
acc: (0.0457,0.0251,1.0085), gyro; (2.8659,-6.6463,5.7927)
acc: (0.0483,0.0227,1.0085), gyro; (2.8049,-9.0244,8.1707)
acc: (0.0457,0.0244,1.0083), gyro; (4.5732,-11.9512,10.4878)
acc: (0.0754,0.0117,1.0085), gyro; (3.8415,-19.2073,11.9512)
acc: (0.1536,-0.0220,1.0081), gyro; (1.6463,-32.6220,22.3780)
acc: (0.1138,0.0188,1.0027), gyro; (17.8049,-4.9390,32.7439)
acc: (0.0271,0.0505,1.0232), gyro; (3.1098,-9.3293,42.0732)
acc: (0.0774,0.0237,1.0371), gyro; (2.1951,-31.5244,36.8293)
acc: (0.1431,0.0400,1.0281), gyro; (0.7317,-65.1829,38.9634)
acc: (0.1421,0.0623,1.0159), gyro; (-13.5366,-96.4634,34.8780)
acc: (0.1704,0.0342,1.0115), gyro; (-4.2073,-113.9024,29.2073)
acc: (0.1458,0.0427,1.0022), gyro; (4.3293,-131.5244,27.2561)
acc: (0.1309,0.0186,1.0020), gyro; (8.5976,-140.8537,22.6220)
acc: (0.1570,0.0276,0.9937), gyro; (8.7805,-145.6098,20.4268)
acc: (0.2036,-0.0032,0.9773), gyro; (-5.3049,-146.0976,16.0976)
acc: (0.2383,0.0120,0.9646), gyro; (-2.0122,-138.4756,19.1463)
acc: (0.2432,0.0466,0.9673), gyro; (1.7073,-124.9390,17.2561)
acc: (0.2336,0.0486,0.9751), gyro; (-2.4390,-116.5244,12.6220)
acc: (0.2651,0.0256,0.9751), gyro; (-0.3049,-110.6098,12.3171)
acc: (0.3054,0.0161,0.9775), gyro; (13.8415,-125.0000,14.8780)
acc: (0.3516,0.0405,0.9583), gyro; (40.6707,-159.4512,16.1585)
acc: (0.3916,0.0796,0.9233), gyro; (36.5854,-174.5122,16.3415)
acc: (0.4395,0.0947,0.9055), gyro; (-3.3537,-178.8415,9.3293)
acc: (0.4778,-0.1111,0.8911), gyro; (-68.0488,-181.0366,0.6098)
acc: (0.5020,0.0042,0.8679), gyro; (26.3415,-191.9512,16.7683)
acc: (0.5332,0.0635,0.8533), gyro; (49.2683,-198.8415,13.0488)
acc: (0.5193,0.0427,0.8513), gyro; (22.2561,-195.4878,13.4756)
acc: (0.5129,0.0154,0.8552), gyro; (14.0854,-185.5488,12.0122)
acc: (0.5347,0.0073,0.8462), gyro; (7.6829,-172.1951,13.7805)
acc: (0.5195,0.0139,0.8547), gyro; (5.9146,-151.7073,15.5488)
acc: (0.5347,0.0305,0.8569), gyro; (12.8659,-132.2561,16.8293)
acc: (0.6060,0.0403,0.8086), gyro; (7.5000,-127.5610,14.6951)
acc: (0.6658,0.0273,0.7585), gyro; (-7.0732,-136.2805,9.1463)
acc: (0.6936,0.0198,0.7363), gyro; (-14.6341,-142.6829,11.4024)
acc: (0.7021,0.0010,0.7253), gyro; (-9.5732,-145.6098,9.8780)
acc: (0.6331,0.0544,0.7834), gyro; (-4.3902,-151.1585,13.8415)
acc: (0.7163,0.0095,0.7083), gyro; (-10.1220,-134.3902,-1.3415)
acc: (0.7798,0.0088,0.6470), gyro; (-22.9878,-158.9024,4.9390)
acc: (0.7363,0.0093,0.6880), gyro; (-5.9146,-162.0122,4.4512)
acc: (0.7480,0.0122,0.6804), gyro; (0.3659,-146.7683,12.0122)
acc: (0.7600,0.0127,0.6699), gyro; (1.6463,-131.3415,15.4878)
acc: (0.7612,0.0168,0.6653), gyro; (-6.2805,-125.3049,16.1585)
acc: (0.7781,0.0076,0.6436), gyro; (-11.5244,-128.0488,13.2927)
acc: (0.8035,0.0173,0.6172), gyro; (-12.1951,-122.9878,9.3902)
acc: (0.8059,0.0405,0.6189), gyro; (-11.5244,-104.4512,5.6098)
acc: (0.8262,0.0303,0.5891), gyro; (-15.0610,-83.2927,-1.7683)
acc: (0.8545,-0.0044,0.5444), gyro; (-20.5488,-74.2683,-7.9878)
acc: (0.8696,-0.0205,0.5164), gyro; (-18.2317,-74.7561,-9.0244)
acc: (0.8723,-0.0159,0.5105), gyro; (-23.2927,-89.7561,-4.4512)
acc: (0.9016,0.0232,0.4624), gyro; (-15.6707,-94.6951,-3.9024)
acc: (0.9331,0.0266,0.3899), gyro; (-37.6829,-110.2439,-10.6098)
acc: (0.9541,0.0276,0.3428), gyro; (-41.5854,-144.3902,-21.2195)
acc: (0.9707,0.0317,0.3025), gyro; (-47.1951,-179.6342,-30.1829)
acc: (0.9663,-0.0010,0.3801), gyro; (-52.1341,-215.6707,-37.9878)
acc: (0.9424,0.0198,0.3459), gyro; (-36.5244,-203.5366,-38.7805)
acc: (0.9407,0.0298,0.3372), gyro; (-41.9512,-222.0122,-45.8537)
acc: (0.9849,-0.0144,0.2168), gyro; (-35.4878,-224.3293,-52.6220)
acc: (0.9744,0.0278,0.2817), gyro; (-20.7927,-262.4390,-50.3049)
acc: (0.9727,0.0366,0.1355), gyro; (-5.2439,-271.5244,-42.1951)
acc: (0.9753,0.0051,0.0618), gyro; (-16.4024,-338.5366,-32.3171)
acc: (0.9783,0.0574,0.1802), gyro; (-6.8902,-366.4024,-19.9390)
acc: (0.9856,0.0635,0.2349), gyro; (43.7805,-311.5244,-30.6098)
acc: (1.0374,-0.0071,0.1543), gyro; (30.0610,-271.2805,-31.9512)
acc: (1.0117,0.0349,0.0430), gyro; (24.0854,-222.3171,-25.9146)
acc: (0.9783,0.0171,-0.1255), gyro; (12.9878,-216.7683,-28.4756)
acc: (1.0378,-0.1851,-0.2134), gyro; (-6.2195,-238.0488,-19.2683)
acc: (1.1750,0.1460,0.2881), gyro; (-13.6585,-240.3659,79.5122)
acc: (0.9985,0.1548,-0.0520), gyro; (-11.4634,-101.4024,-5.1220)
acc: (0.9751,0.0305,-0.2246), gyro; (18.9634,-101.3415,3.2927)
acc: (0.9819,0.0176,-0.2053), gyro; (24.2073,-106.4634,2.8659)
acc: (0.9646,-0.0742,-0.3047), gyro; (0.0610,-128.9634,11.3415)
acc: (0.9407,-0.1182,-0.3479), gyro; (-16.7073,-183.1707,62.8049)
acc: (0.8762,-0.1187,-0.4480), gyro; (-39.5732,-224.5732,103.7805)
acc: (0.8899,-0.1433,-0.4143), gyro; (-58.4146,-288.7195,154.2683)
acc: (0.8123,-0.3232,-0.5723), gyro; (-56.6463,-336.5854,193.2927)
acc: (0.8826,-0.1804,-0.5564), gyro; (-31.5854,-431.5854,265.0610)
acc: (0.9414,0.0344,-0.4744), gyro; (9.0244,-470.4268,263.1707)
acc: (0.8115,0.0784,-0.5845), gyro; (48.6585,-448.2317,223.3537)
acc: (0.6348,0.1089,-0.7517), gyro; (66.6463,-445.7317,162.5000)
acc: (0.6724,0.0095,-0.7144), gyro; (54.2683,-458.4756,81.2805)
acc: (0.7581,-0.1838,-0.6277), gyro; (20.2439,-445.1829,55.3049)
acc: (0.6597,-0.1543,-0.6467), gyro; (-45.4268,-402.5610,60.3049)
acc: (0.4548,-0.0623,-0.7485), gyro; (-138.1098,-372.9878,53.7805)
acc: (0.3179,-0.0032,-0.8088), gyro; (-244.0244,-393.4756,48.2317)
acc: (-0.0720,0.0112,-0.9324), gyro; (-351.6464,-466.4024,40.2439)
acc: (-0.3176,-0.1982,-1.5725), gyro; (-507.3781,-798.5976,35.5488)
acc: (1.3640,-0.6133,-0.8777), gyro; (-397.8659,-1449.8781,-3.4146)
acc: (0.6948,0.2778,-0.4541), gyro; (833.0488,203.7805,204.0854)
acc: (-0.0378,0.1292,-1.0427), gyro; (-69.3902,-71.0366,-58.7805)
acc: (-0.0835,-0.1064,-1.0168), gyro; (-1.5854,0.1829,-106.7073)
acc: (-0.0325,-0.0588,-0.9817), gyro; (-1.8902,-4.0244,-94.4512)
acc: (-0.0364,-0.0500,-0.9866), gyro; (-1.8902,-2.6829,-78.1098)
acc: (-0.0586,-0.0171,-0.9919), gyro; (-1.6463,-2.0732,-67.2561)
acc: (-0.0901,0.0249,-0.9905), gyro; (-2.6220,-2.5610,-78.5976)
acc: (-0.0642,0.0146,-0.9932), gyro; (-3.1707,-3.1707,-98.1098)
acc: (-0.0144,-0.1274,-0.9866), gyro; (-3.4146,-3.4756,-104.8781)
acc: (0.0151,-0.1245,-0.9875), gyro; (-2.6829,-2.7439,-83.7805)
acc: (-0.0330,-0.0410,-0.9890), gyro; (-1.7683,-2.2561,-61.1585)
acc: (-0.0068,-0.0522,-0.9917), gyro; (-1.8902,-1.9512,-56.9512)
acc: (0.0012,-0.0583,-0.9915), gyro; (-1.8902,-2.1951,-61.7683)
acc: (-0.0107,-0.0464,-0.9912), gyro; (-1.8293,-2.1951,-59.7561)
acc: (-0.0093,-0.0471,-0.9932), gyro; (-1.2195,-1.9512,-46.5854)
acc: (-0.0183,-0.0457,-0.9927), gyro; (-0.8537,-1.9512,-40.0610)
acc: (0.0024,-0.0491,-0.9922), gyro; (-1.0366,-1.7073,-38.9024)
acc: (-0.0234,-0.0493,-0.9934), gyro; (0.1829,-1.0976,-11.2195)
acc: (-0.0620,-0.1611,-0.9807), gyro; (3.4756,-4.0244,-16.5854)
acc: (0.0049,0.0498,-0.9976), gyro; (2.5610,-3.2317,-14.3293)
acc: (-0.0386,0.0056,-0.9871), gyro; (0.9756,-1.8293,-17.2561)
acc: (-0.0378,-0.0354,-0.9934), gyro; (-0.5488,-1.7073,-35.4878)
acc: (-0.0293,0.0803,-1.0002), gyro; (1.0366,-3.7805,-45.0000)
acc: (-0.0039,0.1189,-0.9824), gyro; (0.0000,-5.1829,-80.6098)
acc: (-0.0022,0.0881,-1.0083), gyro; (-8.0488,0.7317,-104.2073)
acc: (-0.0081,-0.0640,-0.9839), gyro; (-1.5244,-6.3415,-123.0488)
acc: (0.0210,-0.2117,-0.9849), gyro; (-7.4390,-0.7927,-117.1341)
acc: (0.0190,-0.2009,-0.9868), gyro; (-2.2561,-2.9268,-78.4756)
acc: (-0.0237,-0.1667,-0.9824), gyro; (-1.1585,-1.3415,-35.5488)
acc: (-0.0283,-0.0525,-0.9912), gyro; (-0.7317,0.6098,0.3659)
acc: (-0.0171,-0.0371,-0.9919), gyro; (0.1220,-0.1220,-0.1220)
acc: (-0.0195,-0.0488,-0.9902), gyro; (-0.0610,0.0610,0.0610)
acc: (-0.0212,-0.0469,-0.9924), gyro; (-0.0610,0.0000,0.1829)
acc: (-0.0205,-0.0471,-0.9895), gyro; (0.0610,-0.0610,0.1220)
acc: (-0.0198,-0.0486,-0.9910), gyro; (0.0000,0.0000,0.0610)
acc: (-0.0217,-0.0471,-0.9902), gyro; (-0.0610,-0.1220,0.1220)
acc: (-0.0195,-0.0479,-0.9902), gyro; (0.0610,0.0610,0.1220)
acc: (-0.0190,-0.0466,-0.9905), gyro; (0.0610,0.0000,0.1220)
acc: (-0.0220,-0.0471,-0.9897), gyro; (0.0610,-0.0610,0.1220)
acc: (-0.0210,-0.0481,-0.9915), gyro; (0.0610,0.0610,0.0610)
acc: (-0.0190,-0.0483,-0.9907), gyro; (0.1220,-0.1829,0.1220)
acc: (-0.0186,-0.0476,-0.9897), gyro; (-0.0610,0.0610,0.0610)
acc: (-0.0186,-0.0469,-0.9912), gyro; (0.0610,0.0000,0.0610)
acc: (-0.0190,-0.0464,-0.9907), gyro; (-0.1829,-0.0610,0.1220)
acc: (-0.0210,-0.0459,-0.9907), gyro; (0.0610,-0.1220,0.1829)
acc: (-0.0210,-0.0469,-0.9900), gyro; (-0.0610,-0.0610,0.1829)
acc: (-0.0208,-0.0476,-0.9900), gyro; (0.1220,-0.0610,0.1829)
acc: (-0.0188,-0.0471,-0.9897), gyro; (0.0610,-0.1829,0.0610)
acc: (-0.0205,-0.0464,-0.9905), gyro; (0.0610,0.0610,0.0000)
acc: (-0.0200,-0.0449,-0.9927), gyro; (0.0610,-0.0610,-0.0610)
acc: (-0.0200,-0.0474,-0.9907), gyro; (-0.0610,0.0000,0.1829)
acc: (-0.0205,-0.0474,-0.9890), gyro; (0.1220,0.0610,0.0610)
acc: (-0.0208,-0.0471,-0.9895), gyro; (0.1220,-0.0610,0.0610)
acc: (-0.0205,-0.0459,-0.9895), gyro; (0.0000,-0.0610,0.1829)
acc: (-0.0571,-0.0173,-0.9907), gyro; (-0.4878,0.1829,0.0000)
acc: (-0.1167,0.0405,-0.9915), gyro; (1.6463,-1.6463,4.0244)
acc: (-0.0020,-0.0728,-0.9875), gyro; (2.0122,2.6220,66.4024)
acc: (0.0710,-0.0981,-0.9912), gyro; (-1.6463,0.7927,-6.6463)
acc: (-0.0691,-0.0652,-1.0154), gyro; (0.7317,-2.7439,-27.5610)
acc: (-0.0569,-0.2349,-0.9531), gyro; (5.4878,-7.3171,-32.5000)
acc: (0.0593,-0.3018,-0.9819), gyro; (-1.8902,-1.7683,-56.8293)
acc: (0.0273,0.0386,-1.0024), gyro; (-0.7317,-0.4268,-6.4634)
acc: (-0.0391,0.3069,-1.0076), gyro; (1.6463,0.5488,27.0732)
acc: (-0.0156,-0.0349,-0.9895), gyro; (-0.4268,-0.1220,-7.6220)
acc: (-0.0193,-0.0793,-0.9858), gyro; (-0.1220,0.1220,0.0610)
acc: (-0.0242,-0.0437,-0.9917), gyro; (-0.1220,0.0610,-0.3659)
acc: (-0.0574,-0.0364,-0.9905), gyro; (-0.1829,0.1220,-0.5488)
acc: (-0.1812,-0.0618,-0.9819), gyro; (-0.3659,-0.1220,-7.0122)
acc: (-0.0325,-0.0757,-0.9907), gyro; (-0.1220,0.4268,5.1829)
acc: (0.0811,-0.0234,-0.9944), gyro; (1.2805,0.1829,18.6585)
acc: (0.0554,-0.0515,-0.9917), gyro; (0.6707,0.2439,10.4878)
acc: (0.0181,-0.0505,-0.9915), gyro; (0.3659,0.0610,6.8293)
acc: (-0.0256,-0.0459,-0.9917), gyro; (0.0610,-0.1220,-0.0610)
acc: (-0.0239,-0.0486,-0.9922), gyro; (0.3659,-0.3659,0.1220)
acc: (-0.0256,-0.0317,-0.9949), gyro; (0.6098,-0.6098,-0.4878)
acc: (-0.0264,-0.0120,-1.0093), gyro; (0.0610,-2.1341,-7.0122)
acc: (-0.0200,-0.0422,-1.0156), gyro; (-0.9756,-7.8659,-15.4878)
acc: (-0.0237,-0.0029,-0.9912), gyro; (-1.5854,-15.0610,-17.9268)
acc: (-0.0020,-0.0073,-0.9883), gyro; (-1.7683,-12.8049,-27.6829)
acc: (0.0142,-0.1179,-0.9836), gyro; (-2.4390,-14.8780,-30.4878)
acc: (-0.0857,-0.1270,-0.9844), gyro; (-0.6098,-10.1220,-2.3780)
acc: (-0.0439,-0.0439,-0.9827), gyro; (-0.4878,-10.1220,-5.4268)
acc: (-0.0249,-0.0537,-1.0017), gyro; (-0.3049,-9.2073,-1.0366)
acc: (-0.0339,-0.0503,-1.0027), gyro; (-0.2439,-11.7683,0.4878)
acc: (-0.0386,-0.0381,-0.9915), gyro; (-0.2439,-15.3659,0.3049)
acc: (-0.0435,-0.0234,-1.0020), gyro; (-0.3049,-14.9390,-3.5366)
acc: (-0.0498,-0.0127,-1.0308), gyro; (-0.8537,-20.2439,-10.4878)
acc: (-0.0471,-0.0303,-1.0479), gyro; (-1.8293,-31.2805,-20.2439)
acc: (-0.0454,-0.0732,-1.0715), gyro; (-2.8049,-48.1098,-24.0244)
acc: (-0.1309,-0.0574,-1.0337), gyro; (-2.3780,-69.3902,-15.4268)
acc: (-0.1438,-0.0229,-1.0259), gyro; (-1.5854,-81.8293,-12.8049)
acc: (-0.1218,-0.0403,-1.0481), gyro; (0.1220,-95.3049,-15.7317)
acc: (-0.1541,-0.0391,-1.0378), gyro; (3.1098,-112.4390,-18.4756)
acc: (-0.1382,-0.0486,-0.9993), gyro; (1.4634,-127.0732,-20.9146)
acc: (-0.1672,-0.0581,-0.9941), gyro; (2.5000,-132.1951,-15.7317)
acc: (-0.1902,-0.0559,-0.9893), gyro; (2.4390,-138.8415,-9.2683)
acc: (-0.1853,-0.0625,-0.9749), gyro; (-10.3049,-144.5732,-15.1829)
acc: (-0.1963,-0.0540,-0.9458), gyro; (-8.4756,-146.0976,-22.9878)
acc: (-0.2195,-0.0417,-0.9009), gyro; (-7.9268,-138.7195,-13.7195)
acc: (-0.2522,-0.0588,-0.9041), gyro; (-9.3902,-122.6829,-16.3415)
acc: (-0.2698,-0.0569,-0.9287), gyro; (-1.2195,-111.4634,-16.5244)
acc: (-0.2539,-0.0623,-0.9663), gyro; (-2.3171,-106.5244,-17.3171)
acc: (-0.2896,-0.0774,-0.9736), gyro; (10.0610,-109.5732,-11.8902)
acc: (-0.3274,-0.0586,-0.9739), gyro; (14.7561,-117.0122,-3.1098)
acc: (-0.3711,-0.0593,-0.9937), gyro; (5.5488,-130.9756,3.2317)
acc: (-0.4102,-0.0464,-0.9619), gyro; (-6.4024,-152.6219,8.4146)
acc: (-0.4214,-0.0374,-0.8906), gyro; (-3.7805,-166.7683,10.2439)
acc: (-0.4417,-0.0261,-0.8364), gyro; (1.2195,-165.8537,8.9024)
acc: (-0.4675,-0.0190,-0.8254), gyro; (-4.6951,-156.2805,-0.0610)
acc: (-0.4824,-0.0398,-0.8232), gyro; (-18.0488,-148.4756,-13.1098)
acc: (-0.4966,-0.0491,-0.8086), gyro; (-14.3293,-139.1463,-20.7317)
acc: (-0.5103,-0.0425,-0.7859), gyro; (-10.1220,-129.2683,-22.1951)
acc: (-0.5046,-0.0444,-0.7891), gyro; (-17.0122,-115.4268,-22.3171)
acc: (-0.5115,-0.0581,-0.8203), gyro; (-14.8780,-102.9878,-20.8537)
acc: (-0.5364,-0.0552,-0.8613), gyro; (-14.2073,-99.5732,-18.4146)
acc: (-0.5667,-0.0496,-0.8572), gyro; (-12.5610,-108.9634,-16.8293)
acc: (-0.6023,-0.0496,-0.8079), gyro; (-9.4512,-119.6951,-15.7317)
acc: (-0.6294,-0.0493,-0.7832), gyro; (-15.2439,-127.0122,-15.3659)
acc: (-0.6179,-0.0464,-0.7581), gyro; (-13.2317,-133.7805,-14.0854)
acc: (-0.6143,-0.0540,-0.7158), gyro; (-5.6098,-130.9146,-14.3902)
acc: (-0.6404,-0.0701,-0.7139), gyro; (-1.4024,-118.9634,-12.1951)
acc: (-0.6902,-0.0615,-0.7068), gyro; (5.7927,-115.1829,-7.7439)
acc: (-0.7405,-0.0532,-0.6680), gyro; (2.5610,-115.6098,-6.7073)
acc: (-0.7935,-0.0632,-0.6594), gyro; (-3.9024,-123.5976,-3.3537)
acc: (-0.7932,-0.0586,-0.6450), gyro; (-9.6341,-140.0610,2.4390)
acc: (-0.7620,-0.0520,-0.6025), gyro; (-13.2927,-153.4146,6.2195)
acc: (-0.7200,-0.0513,-0.6094), gyro; (-5.7317,-147.7439,10.0610)
acc: (-0.7336,-0.0610,-0.6367), gyro; (5.1829,-137.9878,8.8415)
acc: (-0.7952,-0.0466,-0.6375), gyro; (17.1341,-136.9512,8.1098)
acc: (-0.8130,-0.0569,-0.5994), gyro; (0.7317,-153.1707,-4.7561)
acc: (-0.8242,-0.0549,-0.5205), gyro; (-7.3171,-162.5610,-12.6829)
acc: (-0.8186,-0.0430,-0.4785), gyro; (-7.8659,-162.6219,-21.5854)
acc: (-0.8066,-0.0315,-0.4729), gyro; (-2.7439,-150.2439,-26.4024)
acc: (-0.8357,-0.0356,-0.4763), gyro; (-5.2439,-137.1951,-22.6829)
acc: (-0.8401,-0.0437,-0.4653), gyro; (-21.7073,-132.9268,-16.0366)
acc: (-0.8650,-0.0527,-0.4255), gyro; (-37.3780,-128.2317,-8.1707)
acc: (-0.8469,-0.0464,-0.4143), gyro; (-46.0366,-121.4024,-5.7317)
acc: (-0.8838,-0.0588,-0.3984), gyro; (-44.3293,-106.5244,-6.4024)
acc: (-0.8955,-0.0540,-0.3738), gyro; (-41.4634,-106.2805,-4.7561)
acc: (-0.8550,-0.0383,-0.3672), gyro; (-43.1098,-97.9878,-6.4024)
acc: (-0.9038,-0.0530,-0.4165), gyro; (-34.1463,-74.0854,-11.8293)
acc: (-0.9231,-0.0791,-0.3965), gyro; (-6.6463,-83.7805,-11.4024)
acc: (-0.9197,-0.0581,-0.3315), gyro; (9.2073,-90.2439,-6.7073)
acc: (-0.9238,-0.0510,-0.3054), gyro; (2.8659,-91.1585,-5.0000)
acc: (-0.9341,-0.0505,-0.3035), gyro; (-14.0854,-91.0976,-3.2927)
acc: (-0.9380,-0.0459,-0.2720), gyro; (-32.5610,-92.6220,-3.1098)
acc: (-0.9417,-0.0432,-0.2439), gyro; (-42.8659,-89.5732,-4.5732)
acc: (-0.9468,-0.0444,-0.2363), gyro; (-42.7439,-83.9634,-6.0366)
acc: (-0.9526,-0.0420,-0.2634), gyro; (-33.3537,-79.3902,-8.2317)
acc: (-0.9575,-0.0540,-0.2668), gyro; (0.1220,-81.0976,-12.0122)
acc: (-0.9570,-0.0603,-0.2209), gyro; (30.8537,-84.5122,-12.0732)
acc: (-0.9548,-0.0542,-0.1624), gyro; (45.6707,-81.8902,-10.4878)
acc: (-0.9563,-0.0615,-0.1382), gyro; (46.0976,-72.0122,0.1220)
acc: (-0.9644,-0.0742,-0.1445), gyro; (50.4268,-62.0732,7.9268)
acc: (-0.9683,-0.0542,-0.1667), gyro; (51.3415,-55.4268,8.2317)
acc: (-0.9678,-0.0254,-0.1755), gyro; (42.5000,-56.2195,15.3659)
acc: (-0.9834,-0.0339,-0.1592), gyro; (21.4024,-63.9634,32.8659)
acc: (-0.9734,-0.0371,-0.1165), gyro; (5.1220,-76.9512,36.9512)
acc: (-0.9800,-0.0410,-0.1292), gyro; (-11.2805,-74.0244,45.0610)
acc: (-0.9939,-0.0188,-0.1416), gyro; (-0.9146,-78.7805,29.5122)
acc: (-0.9844,-0.0188,-0.0925), gyro; (11.6463,-105.1220,39.5122)
acc: (-0.9741,-0.0239,-0.0747), gyro; (0.4878,-105.6098,26.9512)
acc: (-0.9861,-0.0090,-0.0884), gyro; (-15.4268,-100.3659,11.4634)
acc: (-1.0034,0.0120,-0.0559), gyro; (-31.1585,-128.1098,15.0000)
acc: (-0.9702,-0.0120,0.0156), gyro; (-26.4634,-195.7317,26.9512)
acc: (-0.9363,-0.0151,0.0491), gyro; (-22.1341,-239.3902,26.8293)
acc: (-0.9890,-0.0256,0.0757), gyro; (-12.7439,-273.5976,16.2805)
acc: (-1.0095,-0.0291,0.0596), gyro; (-23.2927,-221.5244,4.9390)
acc: (-0.9646,-0.0337,0.1025), gyro; (-67.0122,-100.5488,-8.7195)
acc: (-0.9751,-0.0122,0.1545), gyro; (-67.6220,-88.4146,-8.6585)
acc: (-0.9768,-0.0083,0.1492), gyro; (-68.1098,-91.4634,-10.1220)
acc: (-0.9712,-0.0293,0.1636), gyro; (-53.5366,-95.5488,-13.3537)
acc: (-0.9604,-0.0432,0.2168), gyro; (-26.8902,-97.1951,-16.4634)
acc: (-0.9548,-0.0444,0.2480), gyro; (0.4878,-91.3415,-16.4024)
acc: (-0.9517,-0.0347,0.2666), gyro; (28.4756,-82.7439,-17.0122)
acc: (-0.9497,-0.0374,0.2722), gyro; (51.2195,-73.3537,-18.5976)
acc: (-0.9507,-0.0444,0.2573), gyro; (67.4390,-66.8902,-18.0488)
acc: (-0.9082,-0.0454,0.2502), gyro; (92.9878,-71.0366,-19.6951)
acc: (-0.8413,-0.0620,0.2617), gyro; (175.4878,-157.3171,-40.3049)
acc: (-0.7917,-0.0376,0.2568), gyro; (283.2927,-256.5854,-44.5122)
acc: (-0.7412,0.0183,0.3074), gyro; (372.8659,-343.4756,-35.3049)
acc: (-0.7080,0.1814,0.3530), gyro; (371.9512,-424.5122,-32.9268)
acc: (-0.7729,0.1978,0.4468), gyro; (308.5366,-450.4878,1.0366)
acc: (-0.8306,0.1709,0.6475), gyro; (244.3902,-420.9146,63.9024)
acc: (-0.8413,0.0535,0.7678), gyro; (119.5122,-339.1464,101.5854)
acc: (-0.7349,0.0530,0.6348), gyro; (22.5000,-269.1464,99.9390)
acc: (-0.7056,0.0850,0.5713), gyro; (-17.1341,-265.6098,90.9756)
acc: (-0.6821,0.0706,0.4819), gyro; (-30.9756,-287.3171,58.8415)
acc: (-0.5454,0.0491,0.4971), gyro; (-22.1341,-348.6585,22.1951)
acc: (-0.3682,0.0457,0.4644), gyro; (-67.4390,-425.0000,11.0976)
acc: (-0.2178,0.0156,0.3857), gyro; (-141.7683,-534.8171,23.1707)
acc: (0.0818,0.0623,-0.0540), gyro; (-193.8415,-700.3049,32.0732)
acc: (0.6809,0.0183,-0.7061), gyro; (-166.6463,-1009.6342,0.7927)
acc: (0.8191,-0.6926,0.3232), gyro; (-66.0366,-1499.8781,-10.0610)
acc: (-0.3457,-0.0913,1.2324), gyro; (11.8293,154.8171,279.0244)
acc: (-0.0779,0.4531,1.0171), gyro; (-17.5000,-12.7439,-20.4268)
acc: (0.0796,-0.1001,0.9783), gyro; (-17.1951,-4.3902,0.0610)
acc: (0.0286,-0.0107,1.0159), gyro; (6.4024,0.4268,1.5854)
acc: (0.0269,0.0361,1.0134), gyro; (1.5854,0.0610,6.8902)
acc: (0.0283,0.0242,1.0063), gyro; (-1.0366,2.1341,7.1341)
acc: (0.0181,0.0342,1.0000), gyro; (2.6220,1.6463,2.9878)
acc: (0.0239,0.0217,1.0046), gyro; (1.5244,-0.4268,-1.1585)
acc: (0.1091,0.0427,0.9915), gyro; (4.2683,-1.0366,-4.0244)
acc: (0.0327,0.0063,1.0271), gyro; (2.5610,-8.7195,-6.2195)
acc: (0.0198,0.0000,1.0073), gyro; (0.6098,-0.6707,-1.7683)
acc: (0.0403,0.0142,1.0042), gyro; (-0.6707,-1.0976,9.5122)
acc: (0.0203,0.0200,1.0078), gyro; (-0.4878,-1.8902,15.9146)
acc: (-0.0437,0.0354,1.0071), gyro; (2.0732,-0.7927,12.8049)
acc: (0.0032,0.0374,1.0073), gyro; (3.4146,-1.3415,5.0610)
acc: (0.0381,0.0171,1.0063), gyro; (3.6585,-1.4634,-0.1220)
acc: (0.0144,-0.0132,1.0044), gyro; (8.0488,-0.8537,0.3049)
acc: (0.0237,0.0371,1.0151), gyro; (35.1220,-13.7195,9.5732)
acc: (0.0332,-0.0105,1.0481), gyro; (18.5366,-10.6707,7.2561)
acc: (0.0090,-0.0054,1.0293), gyro; (72.8049,-1.9512,24.4512)
acc: (0.0664,0.0854,0.9258), gyro; (74.0244,-15.8537,28.2927)
acc: (0.0303,0.1514,0.9944), gyro; (-4.7561,4.1463,27.3780)
acc: (-0.0168,0.0361,1.0149), gyro; (1.8902,3.3537,54.2683)
acc: (0.0652,0.0581,1.0024), gyro; (3.7805,-4.1463,57.7439)
acc: (0.0474,0.0081,1.0073), gyro; (0.4268,3.3537,20.2439)
acc: (0.0195,-0.0410,1.0225), gyro; (-0.4268,5.7317,14.6951)
acc: (0.0144,0.0132,0.9568), gyro; (-9.0854,27.8049,18.5976)
acc: (-0.0042,0.0183,1.0100), gyro; (-100.9756,19.9390,31.4634)
acc: (0.1196,0.1108,1.0381), gyro; (-145.3049,-11.7073,58.4146)
acc: (0.0552,0.1902,1.0022), gyro; (72.3171,17.8659,20.6098)
acc: (0.0073,0.0027,0.9988), gyro; (-24.8171,-1.8293,6.5244)
acc: (0.0298,0.0095,1.0071), gyro; (5.9756,0.3049,-0.4268)
acc: (0.0315,0.0264,1.0076), gyro; (-1.4634,-0.1220,0.0610)
acc: (0.0283,0.0220,1.0051), gyro; (0.2439,0.0000,0.1220)
acc: (0.0266,0.0208,1.0083), gyro; (0.1220,0.0610,0.0610)
acc: (0.0271,0.0222,1.0061), gyro; (0.0000,-0.1829,0.0610)
acc: (0.0288,0.0225,1.0073), gyro; (0.0000,-0.0610,0.0610)
acc: (0.0286,0.0222,1.0059), gyro; (0.0000,-0.1829,0.1220)
acc: (0.0281,0.0234,1.0046), gyro; (0.0610,0.0000,0.1829)
acc: (0.0276,0.0229,1.0066), gyro; (0.1220,0.0610,0.0000)
acc: (0.0271,0.0234,1.0071), gyro; (0.0610,0.0000,0.1829)
acc: (0.0286,0.0237,1.0073), gyro; (0.0610,-0.0610,0.0610)
acc: (0.0281,0.0222,1.0063), gyro; (0.0000,0.0000,0.0000)
acc: (0.0281,0.0227,1.0059), gyro; (0.0610,0.1220,0.0610)
acc: (0.0261,0.0225,1.0068), gyro; (0.1829,-0.0610,0.0000)
acc: (0.0291,0.0222,1.0054), gyro; (0.0610,0.0000,0.1829)
acc: (0.0295,0.0222,1.0066), gyro; (0.0610,-0.1220,0.1829)
acc: (0.0281,0.0225,1.0059), gyro; (0.0000,-0.0610,0.0000)
acc: (0.0281,0.0237,1.0056), gyro; (0.1220,-0.0610,0.1220)
acc: (-0.0503,0.1240,1.0305), gyro; (-12.8049,-2.0732,-3.7195)
acc: (0.1992,-0.3574,0.9639), gyro; (-48.6585,-70.4268,-1.7683)
acc: (0.0374,0.1621,1.0273), gyro; (53.1707,26.4634,103.6585)
acc: (-0.0115,0.1733,1.0173), gyro; (0.1829,-14.8780,120.6707)
acc: (0.0203,-0.0100,1.0039), gyro; (1.9512,0.4268,42.3780)
acc: (0.0554,0.0117,1.0073), gyro; (1.8902,-0.1220,1.3415)
acc: (0.0588,0.0132,1.0085), gyro; (4.8780,3.9634,32.6220)
acc: (-0.0032,0.0476,1.0059), gyro; (2.9878,11.1585,31.6463)
acc: (0.0430,0.0098,1.0051), gyro; (-2.4390,-0.1829,-6.8293)
acc: (0.0396,0.0161,1.0066), gyro; (5.7317,3.8415,-2.7439)
acc: (0.0291,0.0210,1.0083), gyro; (7.1951,3.5976,-1.4634)
acc: (0.0339,0.0283,1.0049), gyro; (8.8415,-0.1829,-1.8293)
acc: (0.0396,0.0327,1.0063), gyro; (6.0366,-0.9756,-3.4756)
acc: (0.0366,0.0315,1.0071), gyro; (2.7439,0.3049,-7.6220)
acc: (0.0347,0.0271,1.0059), gyro; (0.3659,-0.2439,-11.5244)
acc: (0.0339,0.0288,1.0042), gyro; (0.9756,-1.5244,-12.9268)
acc: (0.0322,0.0330,1.0034), gyro; (-2.2561,-3.3537,-14.3293)
acc: (0.0308,0.0308,1.0068), gyro; (-6.3415,-6.0366,-13.3537)
acc: (0.0427,0.0203,1.0095), gyro; (-8.8415,-8.5976,-12.0732)
acc: (0.0422,0.0225,1.0071), gyro; (-5.6098,-6.5244,-5.3049)
acc: (0.0383,0.0190,1.0054), gyro; (-5.1829,-6.4024,-3.5366)
acc: (0.0376,0.0188,1.0078), gyro; (-1.2805,-7.8049,-2.3780)
acc: (0.0391,0.0198,1.0095), gyro; (-0.0610,-11.8293,-3.2317)
acc: (0.0449,0.0234,1.0083), gyro; (1.6463,-15.8537,-2.2561)
acc: (0.0762,0.0093,1.0085), gyro; (-1.1585,-18.4756,-5.7317)
acc: (0.0994,-0.0137,1.0115), gyro; (-1.4634,-30.0610,6.4634)
acc: (0.1528,-0.0300,1.0137), gyro; (-2.9268,-46.6463,18.7805)
acc: (0.0979,-0.0027,1.0146), gyro; (-12.9268,-14.6951,32.9878)
acc: (0.0535,0.0542,1.0400), gyro; (-2.8049,-34.6341,30.0000)
acc: (0.1035,0.0483,1.0217), gyro; (-3.7805,-72.6220,30.8537)
acc: (0.1082,0.0515,1.0037), gyro; (-5.7927,-86.6463,26.2195)
acc: (0.1116,-0.0049,1.0029), gyro; (-10.1220,-90.7317,21.3415)
acc: (0.1145,0.0017,1.0068), gyro; (1.4024,-97.1341,24.3902)
acc: (0.1201,0.0002,1.0017), gyro; (-2.6829,-101.5854,21.8902)
acc: (0.1384,0.0071,0.9905), gyro; (-4.3293,-100.4878,20.4878)
acc: (0.2139,0.0168,0.9883), gyro; (4.2073,-96.5854,15.4268)
acc: (0.2385,0.0366,0.9963), gyro; (1.9512,-106.3415,5.9146)
acc: (0.2598,0.0330,0.9927), gyro; (-1.3415,-125.4878,0.6098)
acc: (0.2878,0.0342,0.9670), gyro; (0.2439,-150.6098,-2.3780)
acc: (0.2737,0.0217,0.9707), gyro; (12.6829,-160.9756,-2.5610)
acc: (0.2605,0.0022,0.9736), gyro; (17.3171,-167.9268,1.5244)
acc: (0.2861,-0.0105,0.9614), gyro; (17.8049,-166.7683,9.4512)
acc: (0.3181,0.0049,0.9431), gyro; (20.4268,-161.2195,16.0366)
acc: (0.3359,0.0132,0.9358), gyro; (17.6829,-144.0244,18.9024)
acc: (0.3547,0.0073,0.9385), gyro; (16.8293,-124.4512,19.7561)
acc: (0.4099,0.0002,0.9258), gyro; (10.7927,-116.5854,21.8902)
acc: (0.4504,0.0237,0.9065), gyro; (7.8049,-121.7683,21.8902)
acc: (0.4578,0.0369,0.8975), gyro; (10.6098,-129.0854,22.9268)
acc: (0.4939,0.0359,0.8806), gyro; (4.6341,-134.2683,19.2073)
acc: (0.4888,0.0420,0.8752), gyro; (1.6463,-136.1585,13.6585)
acc: (0.5312,0.0269,0.8601), gyro; (2.1341,-132.1342,4.6951)
acc: (0.5530,0.0410,0.8489), gyro; (8.1707,-145.3049,1.6463)
acc: (0.6060,0.0129,0.8159), gyro; (0.9146,-164.0244,-0.7317)
acc: (0.6328,0.0029,0.7917), gyro; (1.2805,-192.3171,4.6951)
acc: (0.6445,0.0215,0.7688), gyro; (-8.7195,-203.2927,11.2195)
acc: (0.6504,0.0103,0.7600), gyro; (-12.6829,-202.9878,12.5000)
acc: (0.6592,-0.0020,0.7578), gyro; (-9.0244,-193.7195,14.8171)
acc: (0.6538,0.0383,0.7583), gyro; (-4.8780,-181.4634,17.5610)
acc: (0.6643,0.0073,0.7529), gyro; (-2.8049,-164.0854,12.4390)
acc: (0.6599,0.0024,0.7666), gyro; (8.3537,-141.2805,13.5976)
acc: (0.6787,0.0146,0.7500), gyro; (10.7927,-116.6463,14.0244)
acc: (0.7029,0.0210,0.7290), gyro; (12.2561,-98.7805,12.7439)
acc: (0.7253,0.0281,0.7063), gyro; (13.6585,-88.8415,13.2927)
acc: (0.7942,-0.0200,0.6321), gyro; (14.0854,-85.1220,12.5610)
acc: (0.8433,-0.0271,0.5676), gyro; (20.3049,-109.2683,19.0854)
acc: (0.8772,-0.0068,0.5171), gyro; (24.7561,-142.5610,22.5610)
acc: (0.8782,0.0020,0.5112), gyro; (19.0854,-173.7195,26.5854)
acc: (0.8616,-0.0073,0.5291), gyro; (2.8049,-197.3171,28.5976)
acc: (0.8816,-0.0212,0.4976), gyro; (-10.7927,-207.1342,28.4756)
acc: (0.8672,-0.0061,0.5293), gyro; (-31.7073,-215.9146,31.1585)
acc: (0.8779,-0.0254,0.5103), gyro; (-48.2317,-204.1463,25.7317)
acc: (0.8916,-0.0298,0.4785), gyro; (-40.7317,-194.4512,23.2927)
acc: (0.9026,0.0002,0.4629), gyro; (-27.8049,-184.6951,23.7805)
acc: (0.9238,-0.0239,0.4683), gyro; (-23.9634,-160.7317,13.3537)
acc: (0.9292,-0.0251,0.4224), gyro; (-38.2317,-138.5976,21.1585)
acc: (0.9180,-0.0110,0.4365), gyro; (-26.2195,-115.6098,6.4634)
acc: (0.9429,-0.0471,0.3530), gyro; (-3.7195,-103.3537,0.6098)
acc: (0.9324,-0.0383,0.3967), gyro; (15.1829,-104.1463,-4.0854)
acc: (0.9570,-0.0422,0.3313), gyro; (23.3537,-88.7195,-6.9512)
acc: (0.9731,-0.0386,0.2795), gyro; (11.7683,-86.2805,-9.3902)
acc: (0.9761,-0.0415,0.2693), gyro; (5.4878,-83.2317,-11.7073)
acc: (0.9780,-0.0398,0.2595), gyro; (9.9390,-81.2195,-12.4390)
acc: (0.9812,-0.0352,0.2468), gyro; (10.6707,-79.8171,-13.5976)
acc: (0.9854,-0.0322,0.2332), gyro; (12.9268,-79.3293,-14.5122)
acc: (0.9885,-0.0229,0.2222), gyro; (12.1341,-78.6585,-15.4878)
acc: (0.9934,-0.0154,0.2095), gyro; (5.9146,-76.5244,-15.9146)
acc: (0.9895,-0.0139,0.2107), gyro; (1.6463,-75.6707,-12.7439)
acc: (0.9915,-0.0278,0.1904), gyro; (-5.2439,-83.5366,-12.9878)
acc: (0.9963,0.0349,0.0625), gyro; (2.9878,-87.6829,-15.1220)
acc: (1.0054,0.0718,-0.0552), gyro; (6.8902,-122.3171,-32.0732)
acc: (0.9800,0.0986,-0.1355), gyro; (10.1220,-164.9390,-39.6951)
acc: (0.9534,0.1716,-0.2983), gyro; (-13.2317,-239.6951,-53.7805)
acc: (0.9211,0.2222,-0.3096), gyro; (-64.3902,-333.3537,-87.2561)
acc: (0.8323,0.3020,-0.3110), gyro; (-130.9756,-408.2317,-138.0488)
acc: (1.0344,-0.5920,-0.0571), gyro; (-204.0854,-475.1219,-186.9512)
acc: (1.0417,-0.2405,0.0781), gyro; (-189.1463,-416.8903,17.3171)
acc: (0.9712,0.0139,-0.1782), gyro; (-214.5732,-363.9024,22.6220)
acc: (0.9290,-0.0286,-0.3435), gyro; (-206.4634,-361.0366,43.7805)
acc: (0.8774,-0.0161,-0.3989), gyro; (-195.3049,-378.9024,54.1463)
acc: (0.7637,-0.0959,-0.5659), gyro; (-167.5610,-415.7317,59.2073)
acc: (0.7114,-0.1072,-0.5464), gyro; (-105.8537,-492.9878,74.5122)
acc: (0.8828,0.0317,-0.4482), gyro; (7.8659,-515.6707,90.3049)
acc: (0.7878,0.0383,-0.5864), gyro; (114.3293,-499.6951,85.0610)
acc: (0.7603,0.0315,-0.7361), gyro; (229.6342,-513.0488,80.3659)
acc: (0.8115,0.0894,-1.0039), gyro; (364.4512,-541.4634,82.8659)
acc: (0.5913,0.1079,-1.1741), gyro; (451.0976,-639.0244,88.5976)
acc: (0.4648,0.2034,-1.1853), gyro; (524.5732,-761.2805,105.3049)
acc: (0.3523,0.3826,-1.1042), gyro; (477.5610,-860.0610,93.1707)
acc: (0.0657,0.2275,-0.9880), gyro; (315.7317,-875.3049,51.0976)
acc: (-0.0559,0.0410,-1.3169), gyro; (53.9634,-869.5122,70.3659)
acc: (0.7024,-0.5496,-0.0925), gyro; (-850.9147,-1125.1219,-4.2683)
acc: (0.7258,-0.3447,0.8210), gyro; (48.5976,278.4146,-482.1342)
acc: (-0.2627,-0.5994,-1.7446), gyro; (-420.0000,445.6098,-274.3903)
acc: (0.2195,-0.4399,-2.5320), gyro; (-593.3537,11.4024,3.9634)
acc: (0.4199,-0.0579,-1.0696), gyro; (63.6585,-19.0244,-12.1341)
acc: (-0.0391,0.0620,-0.8757), gyro; (3.9024,-3.5976,26.4024)
acc: (-0.0518,-0.0659,-1.0037), gyro; (-1.9512,1.2195,-0.6707)
acc: (-0.0139,-0.0520,-1.0015), gyro; (-0.7317,0.6707,-0.2439)
acc: (-0.0215,-0.0459,-0.9917), gyro; (0.6707,-0.4268,-0.3049)
acc: (-0.0232,-0.0483,-0.9897), gyro; (0.6098,-0.5488,-0.5488)
acc: (-0.0210,-0.0488,-0.9880), gyro; (0.4878,-0.4268,-0.4268)
acc: (-0.0222,-0.0466,-0.9880), gyro; (-0.2439,0.1829,-0.7927)
acc: (-0.0220,-0.0425,-0.9919), gyro; (-0.4268,0.3049,-1.8902)
acc: (-0.0203,-0.0168,-0.9932), gyro; (-0.3049,-0.1220,-5.4878)
acc: (-0.0156,-0.0347,-0.9907), gyro; (-0.7927,-0.7927,-19.6951)
acc: (-0.0229,-0.0710,-0.9871), gyro; (-0.6098,-0.7927,-20.7317)
acc: (-0.0278,-0.0747,-0.9893), gyro; (-0.6098,-0.1829,-12.6220)
acc: (-0.0239,-0.0530,-0.9905), gyro; (0.0000,-0.0610,-2.1951)
acc: (-0.0215,-0.0459,-0.9915), gyro; (-0.0610,0.0610,0.3049)
acc: (-0.0210,-0.0469,-0.9897), gyro; (0.1829,-0.0610,0.1220)
acc: (-0.0220,-0.0479,-0.9907), gyro; (0.1220,-0.0610,0.1829)
acc: (-0.0229,-0.0479,-0.9900), gyro; (0.0000,-0.1220,0.0000)
acc: (0.0222,-0.0146,-0.9927), gyro; (0.0610,-0.1829,0.1220)
acc: (0.1143,-0.0059,-0.9958), gyro; (-1.4634,-0.3049,-26.2805)
acc: (-0.0447,0.0388,-0.9922), gyro; (-1.8902,-1.3415,-48.1098)
acc: (-0.1008,-0.0815,-0.9785), gyro; (-4.1463,-0.4878,-64.6341)
acc: (-0.0642,-0.1606,-0.9863), gyro; (-5.5488,2.6220,-40.3659)
acc: (-0.0005,-0.0818,-0.9883), gyro; (-5.2439,3.2927,-14.6951)
acc: (0.0220,-0.1543,-1.0037), gyro; (-15.8537,7.9268,-4.5732)
acc: (0.0427,-0.2712,-0.9656), gyro; (-6.4634,0.5488,32.5610)
acc: (0.0261,-0.0691,-0.9912), gyro; (16.3415,1.8293,77.8659)
acc: (-0.0391,0.0674,-1.0100), gyro; (10.3049,-2.2561,77.6220)
acc: (-0.1082,0.1362,-0.9807), gyro; (9.6951,-1.5854,71.2805)
acc: (-0.1052,0.0920,-0.9978), gyro; (-0.0610,2.0122,33.1707)
acc: (-0.0098,-0.0654,-0.9907), gyro; (0.1829,-0.3659,-2.5610)
acc: (-0.0171,-0.0537,-0.9902), gyro; (0.0610,0.0000,0.3049)
acc: (-0.0234,-0.0447,-0.9902), gyro; (0.0000,-0.0610,0.1829)
acc: (-0.0215,-0.0479,-0.9912), gyro; (0.0000,-0.1220,0.0610)
acc: (-0.0227,-0.0474,-0.9893), gyro; (0.1220,-0.1220,0.0610)
acc: (-0.0217,-0.0464,-0.9907), gyro; (0.0000,-0.0610,0.0000)
acc: (-0.0217,-0.0461,-0.9902), gyro; (0.0000,-0.0610,0.1220)
acc: (-0.0208,-0.0466,-0.9917), gyro; (0.0610,0.0610,-0.0610)
acc: (-0.0210,-0.0483,-0.9907), gyro; (-0.0610,0.0610,0.0610)
acc: (-0.0215,-0.0459,-0.9905), gyro; (0.0000,0.0000,0.0610)
acc: (-0.0220,-0.0476,-0.9905), gyro; (0.1829,-0.1220,-0.1220)
acc: (-0.0208,-0.0476,-0.9905), gyro; (-0.1829,0.0000,0.0000)
acc: (-0.0220,-0.0479,-0.9902), gyro; (0.1220,0.0610,0.1220)
acc: (-0.0203,-0.0471,-0.9902), gyro; (0.0000,0.0000,0.0610)
acc: (-0.0200,-0.0464,-0.9905), gyro; (0.1829,-0.1829,0.1829)
acc: (-0.0220,-0.0466,-0.9915), gyro; (-0.1220,-0.0610,0.1829)
acc: (-0.0217,-0.0476,-0.9905), gyro; (0.0610,0.0000,0.1220)
acc: (-0.0205,-0.0474,-0.9902), gyro; (0.0000,-0.1829,-0.1220)
acc: (-0.0212,-0.0466,-0.9893), gyro; (0.1220,0.0000,0.1829)
acc: (-0.0205,-0.0479,-0.9915), gyro; (-0.0610,-0.0610,0.1220)
acc: (-0.0203,-0.0476,-0.9895), gyro; (-0.0610,-0.0610,0.1220)
acc: (-0.0210,-0.0469,-0.9910), gyro; (0.0610,-0.0610,0.1220)
acc: (-0.0205,-0.0474,-0.9917), gyro; (0.0610,-0.0610,0.1220)
acc: (-0.0210,-0.0481,-0.9888), gyro; (0.0000,-0.1220,0.1220)
acc: (-0.0198,-0.0481,-0.9900), gyro; (0.0610,0.0000,0.1220)
acc: (-0.0193,-0.0452,-0.9963), gyro; (0.0610,-0.1829,0.1829)
acc: (-0.0212,-0.0388,-0.9978), gyro; (4.7561,-3.9024,1.4634)
acc: (-0.0034,-0.0247,-0.9744), gyro; (2.6220,-3.7805,-13.8415)
acc: (-0.0037,-0.1013,-0.9827), gyro; (-5.1220,-2.8049,-108.5366)
acc: (-0.0774,-0.0315,-0.9958), gyro; (-6.8902,-0.2439,-101.6463)
acc: (-0.0310,-0.0234,-0.9841), gyro; (-4.2073,-0.4268,-67.0732)
acc: (0.0337,-0.0173,-1.0007), gyro; (-8.3537,2.5000,-77.4390)
acc: (0.0217,-0.0137,-0.9985), gyro; (-5.3049,-0.4878,-67.6829)
acc: (-0.0486,-0.0781,-0.9907), gyro; (0.4878,-1.9512,-29.5122)
acc: (-0.0476,-0.0876,-0.9880), gyro; (1.2805,-1.8902,-14.0244)
acc: (-0.0198,-0.0457,-0.9944), gyro; (1.9512,-1.7073,0.4268)
acc: (-0.0190,-0.0427,-0.9978), gyro; (3.7805,-3.1098,-0.0610)
acc: (-0.0264,-0.0474,-0.9868), gyro; (5.0610,-4.5732,0.2439)
acc: (-0.0464,-0.0537,-0.9810), gyro; (1.9512,-1.8902,1.6463)
acc: (-0.0920,-0.0442,-0.9861), gyro; (1.2805,-0.1220,16.8902)
acc: (-0.0769,-0.0464,-0.9885), gyro; (1.5244,1.1585,40.3049)
acc: (-0.0281,-0.0652,-0.9932), gyro; (1.2805,1.6463,40.3659)
acc: (-0.0396,-0.0449,-0.9873), gyro; (2.3171,1.5854,52.2561)
acc: (0.0078,-0.0867,-0.9873), gyro; (1.8293,2.1341,56.7683)
acc: (0.0413,-0.0840,-0.9907), gyro; (2.1341,2.2561,60.5488)
acc: (0.0007,-0.0793,-0.9888), gyro; (1.9512,1.9512,53.4756)
acc: (-0.0068,-0.1182,-0.9880), gyro; (2.0732,2.0732,58.2927)
acc: (0.0132,-0.0688,-0.9900), gyro; (3.1707,2.3171,75.3049)
acc: (0.0242,-0.0295,-0.9919), gyro; (2.6829,2.1951,67.6829)
acc: (0.0017,-0.0439,-0.9932), gyro; (2.6829,1.8293,61.4024)
acc: (-0.0295,-0.0154,-0.9934), gyro; (2.5610,1.5854,55.9146)
acc: (-0.0261,-0.0127,-1.0068), gyro; (2.3171,0.6707,45.7317)
acc: (-0.0166,-0.0137,-1.0452), gyro; (1.7683,-5.6707,35.4268)
acc: (0.0686,0.0088,-1.0129), gyro; (-0.7317,-20.6707,25.6098)
acc: (0.0049,-0.0391,-1.0520), gyro; (-1.0976,-25.1220,19.6341)
acc: (0.0098,-0.0271,-1.0381), gyro; (2.8659,-42.6829,19.1463)
acc: (-0.0386,-0.0667,-1.0227), gyro; (6.2195,-51.4634,20.8537)
acc: (-0.1670,-0.0918,-1.0376), gyro; (3.8415,-63.9634,26.2805)
acc: (-0.1531,-0.0117,-0.9822), gyro; (6.0976,-78.4756,16.5854)
acc: (-0.0515,-0.0837,-1.0012), gyro; (0.0000,-76.4634,4.6341)
acc: (-0.1353,-0.0359,-1.1108), gyro; (4.3293,-83.9634,19.5122)
acc: (-0.8726,0.6533,-1.1079), gyro; (5.6098,-121.9512,1.5854)
acc: (0.4128,-0.5242,-0.7944), gyro; (-3.5976,-169.3902,-197.5610)
acc: (0.0022,-0.3201,-1.0750), gyro; (14.5122,-92.6829,2.8049)
acc: (-0.3667,0.1343,-0.9585), gyro; (48.3537,-126.2195,-15.1220)
acc: (-0.2029,-0.1340,-0.9680), gyro; (-1.5244,-125.7927,-18.5976)
acc: (-0.1379,-0.0947,-1.0029), gyro; (-3.0488,-134.1463,-1.8902)
acc: (-0.1929,-0.0554,-0.9490), gyro; (5.0000,-135.6098,3.5976)
acc: (-0.2207,-0.0432,-0.8591), gyro; (2.1341,-128.4756,3.1707)
acc: (-0.1973,-0.0632,-0.8921), gyro; (-7.8659,-101.8293,-3.3537)
acc: (-0.2324,-0.0662,-0.9614), gyro; (10.8537,-82.8659,-3.8415)
acc: (-0.3020,-0.0693,-0.9785), gyro; (16.2195,-82.3781,-2.7439)
acc: (-0.3848,-0.0913,-1.0103), gyro; (15.0610,-92.8049,-2.3780)
acc: (-0.3931,-0.0691,-1.0320), gyro; (17.9878,-121.9512,-17.3171)
acc: (-0.4299,-0.0747,-1.0376), gyro; (12.3780,-154.7561,-19.9390)
acc: (-0.4280,-0.0747,-0.9915), gyro; (20.5488,-193.0488,-16.5854)
acc: (-0.4282,-0.0811,-0.8940), gyro; (20.3049,-217.5000,-11.7683)
acc: (-0.4253,-0.0820,-0.7954), gyro; (9.8780,-220.7317,-7.1341)
acc: (-0.4265,-0.0823,-0.7559), gyro; (1.5854,-200.5488,-3.4756)
acc: (-0.4399,-0.0911,-0.7639), gyro; (4.3293,-169.1463,-2.8659)
acc: (-0.4924,-0.1033,-0.7957), gyro; (7.5000,-142.2561,-4.9390)
acc: (-0.5544,-0.1104,-0.8186), gyro; (9.6341,-130.6098,-4.5732)
acc: (-0.5791,-0.1006,-0.8406), gyro; (11.4634,-134.9390,-0.8537)
acc: (-0.5979,-0.1072,-0.8364), gyro; (13.7195,-146.2805,1.9512)
acc: (-0.6313,-0.1021,-0.8184), gyro; (12.3171,-162.5000,4.2683)
acc: (-0.6636,-0.1001,-0.8018), gyro; (1.5854,-183.3537,2.8049)
acc: (-0.6670,-0.1038,-0.7358), gyro; (-1.7683,-203.4756,2.8659)
acc: (-0.6809,-0.0942,-0.6580), gyro; (0.9146,-208.9634,1.5854)
acc: (-0.7078,-0.0952,-0.6182), gyro; (-1.7073,-201.7073,2.3171)
acc: (-0.7488,-0.1038,-0.6028), gyro; (-0.7927,-194.3902,4.2073)
acc: (-0.7493,-0.0972,-0.5984), gyro; (-2.9878,-193.2927,8.3537)
acc: (-0.7598,-0.0977,-0.5925), gyro; (-2.0732,-189.8171,11.7683)
acc: (-0.7395,-0.1035,-0.5591), gyro; (8.7805,-186.7683,14.3902)
acc: (-0.7556,-0.0918,-0.5386), gyro; (18.7195,-170.0610,15.2439)
acc: (-0.8127,-0.0928,-0.5803), gyro; (18.1707,-158.7195,15.7317)
acc: (-0.8494,-0.1038,-0.5479), gyro; (7.8659,-173.0488,15.8537)
acc: (-0.8303,-0.0869,-0.4553), gyro; (2.8659,-187.3171,15.8537)
acc: (-0.8430,-0.0850,-0.4094), gyro; (1.0366,-171.8293,13.3537)
acc: (-0.9011,-0.0898,-0.3911), gyro; (10.6707,-167.0122,13.2317)
acc: (-0.9172,-0.0879,-0.3628), gyro; (13.2927,-176.0976,15.1220)
acc: (-0.8953,-0.0881,-0.3223), gyro; (16.8902,-184.4512,18.5366)
acc: (-0.8760,-0.0740,-0.2917), gyro; (25.6098,-180.3659,19.6341)
acc: (-0.8848,-0.0767,-0.3118), gyro; (27.9268,-159.2683,17.8659)
acc: (-0.8755,-0.0693,-0.2966), gyro; (20.4268,-147.5000,21.5854)
acc: (-0.9077,-0.0654,-0.2690), gyro; (6.7073,-116.4634,20.8537)
acc: (-0.9553,-0.0757,-0.2542), gyro; (9.5122,-103.2927,19.8171)
acc: (-0.9517,-0.0681,-0.2217), gyro; (22.7439,-105.3659,20.3659)
acc: (-0.9534,-0.0557,-0.1750), gyro; (20.7317,-104.5732,20.6098)
acc: (-0.9587,-0.0508,-0.1436), gyro; (9.3902,-99.5732,19.3293)
acc: (-0.9641,-0.0552,-0.1296), gyro; (-7.4390,-92.8049,17.9878)
acc: (-0.9668,-0.0525,-0.1335), gyro; (-17.0122,-85.8537,17.0122)
acc: (-0.9722,-0.0542,-0.1355), gyro; (-9.9390,-80.6707,16.0366)
acc: (-0.9744,-0.0540,-0.1306), gyro; (1.8293,-77.5000,15.6098)
acc: (-0.9756,-0.0554,-0.1245), gyro; (12.5000,-76.7073,16.0366)
acc: (-0.9756,-0.0474,-0.1050), gyro; (17.3171,-77.6829,17.3171)
acc: (-0.9775,-0.0439,-0.0957), gyro; (9.9390,-78.1098,17.8049)
acc: (-0.9790,-0.0457,-0.0986), gyro; (1.5854,-80.8537,18.4756)
acc: (-0.9792,-0.0400,-0.0647), gyro; (-9.0244,-86.0366,19.7561)
acc: (-0.9807,-0.0305,-0.0415), gyro; (-11.8902,-85.7927,19.7561)
acc: (-0.9839,-0.0286,-0.0535), gyro; (-1.7073,-84.3902,17.7439)
acc: (-0.9858,-0.0291,-0.0530), gyro; (16.0976,-87.6829,16.1585)
acc: (-0.9839,-0.0149,-0.0308), gyro; (12.6220,-94.6951,16.1585)
acc: (-0.9827,-0.0044,-0.0107), gyro; (-11.2195,-101.8902,14.7561)
acc: (-0.9832,-0.0059,0.0032), gyro; (-35.8537,-109.5122,12.2561)
acc: (-0.9797,-0.0125,0.0293), gyro; (-50.7927,-116.7683,8.9024)
acc: (-0.9758,-0.0222,0.0811), gyro; (-56.3415,-121.5244,7.0122)
acc: (-1.0120,-0.0090,0.1526), gyro; (-60.9756,-119.3902,6.2195)
acc: (-0.9834,-0.0229,0.1387), gyro; (-54.4512,-104.2683,7.8659)
acc: (-0.9683,-0.0249,0.1257), gyro; (-30.4878,-100.7317,4.5122)
acc: (-0.9773,-0.0337,0.1113), gyro; (-32.6220,-100.9146,5.7317)
acc: (-0.9712,-0.0354,0.1406), gyro; (-17.0732,-106.5244,6.0366)
acc: (-0.9714,-0.0176,0.1370), gyro; (6.7073,-108.7195,5.2439)
acc: (-0.9695,0.0217,0.1362), gyro; (8.2927,-119.5732,4.3293)
acc: (-0.9639,0.0208,0.1521), gyro; (11.4634,-131.8902,-3.9024)
acc: (-0.9561,0.0330,0.1748), gyro; (29.9390,-146.1585,-12.6220)
acc: (-0.8948,-0.0342,0.2561), gyro; (53.6585,-158.7805,-25.7317)
acc: (-0.6555,-0.0596,0.4167), gyro; (83.4756,-232.6220,-19.1463)
acc: (-0.4968,0.0203,0.3840), gyro; (85.8537,-419.6342,27.9268)
acc: (-0.1609,0.0317,0.1558), gyro; (50.9146,-595.4268,83.4146)
acc: (0.0364,0.0647,-0.0002), gyro; (129.3293,-867.8049,103.9024)
acc: (-0.1482,0.0029,0.1582), gyro; (189.7561,-1104.5732,68.1098)
acc: (-0.2446,-0.0095,0.3577), gyro; (164.8781,-1189.3293,34.5732)
acc: (0.0940,0.0256,0.0691), gyro; (51.2805,-1277.9878,8.3537)
acc: (0.6282,0.6611,0.5720), gyro; (-88.5976,-1476.0366,36.9512)
acc: (-0.2153,-0.0305,-1.5115), gyro; (-792.0732,-192.0732,-268.8415)
acc: (0.1899,-1.1851,-0.2979), gyro; (339.6342,-311.9512,-76.7683)
acc: (0.1260,0.0217,2.1104), gyro; (-322.8659,41.8293,82.1341)
acc: (0.0278,0.1470,0.8645), gyro; (18.2927,-11.8293,137.4390)
acc: (0.0854,0.0442,0.9509), gyro; (1.8293,3.2927,40.5488)
acc: (0.0181,0.0303,1.0315), gyro; (3.9024,1.5244,9.6951)
acc: (0.0352,-0.0020,1.0078), gyro; (0.1829,1.5854,0.7927)
acc: (0.0728,-0.0496,1.0061), gyro; (-1.0976,2.3171,21.8902)
acc: (0.0894,0.0049,1.0063), gyro; (-2.6220,2.8049,55.9756)
acc: (0.0764,0.0405,1.0034), gyro; (-1.2805,2.9268,77.6220)
acc: (0.0095,0.0364,1.0054), gyro; (2.1951,2.5000,72.7439)
acc: (0.0112,0.0266,1.0051), gyro; (1.0366,2.0732,57.8659)
acc: (0.0078,0.0098,1.0093), gyro; (-0.5488,1.5854,50.4268)
acc: (-0.0139,0.0239,1.0083), gyro; (-2.1341,1.5854,51.3415)
acc: (-0.0129,0.0562,1.0051), gyro; (-2.0732,1.1585,43.9024)
acc: (0.0059,0.0562,1.0063), gyro; (-1.0976,0.0610,23.7805)
acc: (0.0237,0.0261,1.0049), gyro; (0.9756,-0.2439,6.8293)
acc: (0.0408,-0.0188,1.0088), gyro; (2.7439,-0.6707,5.3659)
acc: (0.0229,0.0215,1.0068), gyro; (3.2317,-0.6707,20.4878)
acc: (0.0215,0.0447,1.0083), gyro; (9.9390,-0.2439,12.9878)
acc: (0.0310,0.0276,1.0117), gyro; (14.9390,0.5488,1.4024)
acc: (0.0374,0.0349,1.0125), gyro; (21.3415,2.6220,-2.6220)
acc: (0.0378,0.0398,0.9971), gyro; (14.9390,1.7073,-10.1829)
acc: (0.0610,0.1533,0.9849), gyro; (1.3415,0.0610,-3.4756)
acc: (0.0188,-0.1274,0.9951), gyro; (-114.5122,-8.7195,17.2561)
acc: (0.0000,-0.0808,1.0127), gyro; (62.9268,-6.2805,45.3049)
acc: (0.0100,0.1951,1.0315), gyro; (1.3415,4.6341,29.4512)
acc: (0.0337,-0.0105,0.9978), gyro; (-5.2439,-0.3049,-2.0732)
acc: (0.0295,0.0161,1.0076), gyro; (-1.0366,-0.0610,0.4878)
acc: (0.0278,0.0256,1.0078), gyro; (0.8537,0.0000,0.0610)
acc: (0.0293,0.0220,1.0059), gyro; (0.0000,0.0000,0.0610)
acc: (0.0286,0.0247,1.0056), gyro; (-0.0610,-0.1829,0.0000)
acc: (0.0283,0.0227,1.0073), gyro; (0.0610,0.0000,0.2439)
acc: (0.0281,0.0229,1.0066), gyro; (0.0000,-0.0610,0.0000)
acc: (0.0281,0.0244,1.0063), gyro; (0.0610,-0.1220,0.0610)
acc: (0.0286,0.0229,1.0073), gyro; (0.1220,-0.1220,0.1829)
acc: (0.0291,0.0225,1.0054), gyro; (0.0610,0.0610,0.1220)
acc: (0.0281,0.0225,1.0049), gyro; (0.1220,0.0610,0.3049)
acc: (0.0283,0.0239,1.0049), gyro; (0.0000,0.0000,-0.0610)
acc: (0.0305,0.0239,1.0071), gyro; (0.1220,-0.0610,0.1829)
acc: (0.0276,0.0217,1.0078), gyro; (0.0000,-0.0610,0.0610)
acc: (0.0278,0.0239,1.0051), gyro; (0.0610,-0.0610,0.0610)
acc: (0.0273,0.0237,1.0071), gyro; (0.0610,0.0000,0.0610)
acc: (0.0293,0.0239,1.0076), gyro; (0.0000,-0.0610,0.1829)
acc: (0.0291,0.0232,1.0063), gyro; (0.1829,-0.1220,0.1829)
acc: (0.0286,0.0232,1.0068), gyro; (0.0000,0.0610,0.1220)
acc: (0.0288,0.0234,1.0071), gyro; (0.0610,0.0610,0.1220)
acc: (0.0283,0.0220,1.0073), gyro; (-0.0610,-0.0610,0.1220)
acc: (0.0278,0.0234,1.0071), gyro; (0.1220,-0.0610,0.0610)
acc: (0.0283,0.0232,1.0068), gyro; (0.0000,0.0000,0.2439)
acc: (0.0288,0.0232,1.0068), gyro; (-0.0610,0.0000,0.1220)
acc: (0.0288,0.0222,1.0068), gyro; (-0.0610,0.0610,0.0000)
acc: (0.0317,0.0042,1.0049), gyro; (-1.4634,-0.3049,0.0000)
acc: (0.1003,-0.1453,1.0156), gyro; (4.0854,-0.6707,13.2317)
acc: (0.1248,-0.1047,1.0127), gyro; (-0.0610,2.8049,96.6463)
acc: (0.0706,0.0688,1.0039), gyro; (1.5854,4.3902,118.4146)
acc: (0.0105,0.0999,1.0017), gyro; (-0.4268,3.0488,88.3537)
acc: (-0.0408,0.0872,1.0032), gyro; (3.1098,2.4390,56.8293)
acc: (-0.0879,0.1233,1.0073), gyro; (6.1585,1.6463,34.8780)
acc: (0.0271,0.0410,1.0093), gyro; (21.6463,0.0610,1.8902)
acc: (0.0330,0.0779,0.9998), gyro; (-0.1829,0.6707,12.7439)
acc: (0.0225,0.0232,1.0083), gyro; (-19.6341,-0.6098,-4.7561)
acc: (0.0330,-0.0144,1.0046), gyro; (-10.7317,-0.6707,-0.3659)
acc: (0.0266,0.0295,1.0059), gyro; (0.3659,0.0000,0.0000)
acc: (0.0269,0.0237,1.0066), gyro; (-0.1220,-0.2439,0.2439)
acc: (0.0264,0.0220,1.0081), gyro; (-0.7927,-0.4268,0.6707)
acc: (0.0310,0.0198,1.0081), gyro; (-3.6585,-1.2805,2.0732)
acc: (0.0457,0.0000,1.0088), gyro; (-9.0244,-5.1220,11.0366)
acc: (0.0298,0.0264,1.0078), gyro; (-7.6829,-3.6585,26.2805)
acc: (0.0054,0.0464,1.0076), gyro; (-5.3049,-3.2927,13.9634)
acc: (0.0293,0.0046,1.0000), gyro; (-14.0854,-10.0000,8.5976)
acc: (0.0969,-0.0547,0.9634), gyro; (2.3780,-31.8902,36.8902)
acc: (0.0042,0.1240,1.0498), gyro; (18.5366,-4.0854,116.6463)
acc: (0.0117,-0.0076,1.0063), gyro; (2.4390,-12.1341,52.9878)
acc: (0.0439,0.0151,1.0066), gyro; (0.2439,-26.4634,17.5000)
acc: (0.1091,0.0242,0.9939), gyro; (2.5000,-25.7927,26.8293)
acc: (0.0913,0.0164,0.9980), gyro; (0.6707,26.5244,6.0976)
acc: (-0.0354,0.0208,1.0193), gyro; (-2.1341,49.0244,-8.3537)
acc: (0.0427,0.0234,1.0054), gyro; (0.4268,-5.8537,-19.2073)
acc: (0.0498,0.0229,1.0059), gyro; (0.3049,0.6098,-11.5854)
acc: (0.0405,0.0232,1.0078), gyro; (0.4268,1.2195,-2.7439)
acc: (0.0413,0.0251,1.0068), gyro; (0.0000,1.4024,-0.7317)
acc: (0.0400,0.0242,1.0059), gyro; (-0.9756,2.3171,-1.5244)
acc: (0.0176,0.0208,1.0076), gyro; (-1.3415,0.8537,-12.8659)
acc: (0.0479,0.0205,1.0068), gyro; (-4.2073,-10.3659,-71.6463)
acc: (0.0637,0.0269,1.0066), gyro; (-1.2195,-1.5244,-4.3902)
acc: (0.0376,0.0239,1.0085), gyro; (-1.2805,0.6098,0.3659)
acc: (0.0405,0.0251,1.0076), gyro; (-2.9268,-2.3171,5.6707)
acc: (0.0349,0.0210,1.0078), gyro; (-4.7561,-5.0000,8.5366)
acc: (0.0371,0.0173,1.0059), gyro; (-3.9024,-9.8780,8.1707)
acc: (0.0227,0.0225,1.0129), gyro; (-2.4390,-15.6707,7.1341)
acc: (0.0317,0.0168,1.0100), gyro; (-4.5122,-37.3780,11.6463)
acc: (0.0605,0.0332,1.0195), gyro; (-5.4268,-43.2927,-1.7073)
acc: (0.0610,0.1252,0.9978), gyro; (-16.9512,-34.7561,-12.3780)
acc: (0.0935,-0.0181,0.9924), gyro; (-13.1707,-8.5976,-39.6951)
acc: (0.0664,0.0005,1.0227), gyro; (-3.4756,-10.1220,-34.8171)
acc: (0.0522,-0.0227,1.0308), gyro; (-2.5000,-30.1220,-30.8537)
acc: (0.0637,-0.0232,1.0232), gyro; (-6.1585,-48.1707,-21.8902)
acc: (0.0791,-0.0100,1.0215), gyro; (-9.0244,-61.5854,-12.6220)
acc: (0.0964,0.0186,1.0098), gyro; (-11.5854,-74.6341,-8.6585)
acc: (0.1489,0.0396,0.9929), gyro; (-12.2561,-79.5732,-12.0732)
acc: (0.1743,0.0122,1.0007), gyro; (-6.6463,-84.4512,-21.0976)
acc: (0.1899,0.0012,1.0117), gyro; (-6.5854,-97.6829,-25.9146)
acc: (0.2195,-0.0105,1.0059), gyro; (-7.3780,-119.5122,-26.2805)
acc: (0.2441,-0.0151,0.9895), gyro; (-7.9268,-141.0976,-21.4634)
acc: (0.2629,-0.0054,0.9761), gyro; (-6.0976,-154.3293,-12.8659)
acc: (0.2712,-0.0122,0.9695), gyro; (-6.9512,-160.1219,-9.5732)
acc: (0.2742,-0.0132,0.9646), gyro; (-3.0488,-159.4512,-2.0122)
acc: (0.2812,-0.0212,0.9636), gyro; (-8.3537,-157.7439,1.5244)
acc: (0.3093,-0.0095,0.9651), gyro; (-10.5488,-153.2317,6.7073)
acc: (0.3416,-0.0183,0.9573), gyro; (-15.5488,-159.5122,4.2683)
acc: (0.4006,0.0198,0.9512), gyro; (-7.2561,-191.8293,5.9756)
acc: (0.4683,0.0000,0.9006), gyro; (-22.6829,-225.3659,3.3537)
acc: (0.4827,-0.0322,0.8660), gyro; (-22.0122,-244.8781,3.5366)
acc: (0.4875,-0.0171,0.8650), gyro; (-4.3902,-245.1220,5.6707)
acc: (0.4788,-0.0242,0.8743), gyro; (-13.7195,-229.2683,5.7317)
acc: (0.5171,-0.0352,0.8489), gyro; (-15.1829,-204.2073,6.4634)
acc: (0.5796,-0.0308,0.8149), gyro; (-10.0610,-188.6585,6.9512)
acc: (0.6411,-0.0266,0.7800), gyro; (-7.4390,-189.1463,5.7317)
acc: (0.6558,-0.0339,0.7708), gyro; (-14.6951,-203.9634,5.0000)
acc: (0.6472,-0.0315,0.7583), gyro; (-17.4390,-214.2683,3.1707)
acc: (0.6782,-0.0129,0.7341), gyro; (-14.8171,-217.9268,4.5732)
acc: (0.7041,-0.0310,0.7097), gyro; (-5.1829,-233.4756,-3.1098)
acc: (0.6917,-0.0266,0.7214), gyro; (-1.0976,-232.8049,-3.6585)
acc: (0.7610,-0.0356,0.6528), gyro; (5.0610,-212.3171,-8.1707)
acc: (0.7683,-0.0403,0.6433), gyro; (11.8902,-206.1585,-11.4634)
acc: (0.7915,-0.0371,0.6282), gyro; (21.8293,-185.0000,-14.2073)
acc: (0.8306,-0.0396,0.5840), gyro; (18.2927,-163.5366,-15.5488)
acc: (0.8408,-0.0396,0.5679), gyro; (11.5244,-160.8537,-13.1707)
acc: (0.8525,-0.0208,0.5503), gyro; (9.2073,-163.9024,-8.8415)
acc: (0.8474,-0.0022,0.5591), gyro; (-4.1463,-167.6219,-9.3902)
acc: (0.8843,-0.0049,0.4854), gyro; (-6.9512,-151.2195,-11.9512)
acc: (0.9319,-0.0190,0.3872), gyro; (-8.1098,-162.5610,-17.2561)
acc: (0.9360,-0.0051,0.3940), gyro; (-0.2439,-191.5854,-17.2561)
acc: (0.9207,0.0229,0.4841), gyro; (12.1341,-191.2805,-16.9512)
acc: (0.9241,-0.0105,0.4163), gyro; (16.2195,-162.1951,-17.2561)
acc: (0.9263,0.0005,0.4221), gyro; (9.7561,-141.6463,-12.5610)
acc: (0.9321,0.0098,0.4089), gyro; (6.6463,-118.1098,-11.5854)
acc: (0.9478,0.0081,0.3623), gyro; (3.9634,-95.9146,-11.6463)
acc: (0.9700,0.0024,0.2942), gyro; (7.0122,-91.2805,-10.7927)
acc: (0.9705,0.0139,0.2869), gyro; (17.1341,-92.3781,-10.3049)
acc: (0.9739,0.0264,0.2822), gyro; (16.7683,-93.2317,-8.5366)
acc: (0.9802,0.0234,0.2605), gyro; (3.3537,-94.5122,-6.3415)
acc: (0.9868,0.0168,0.2314), gyro; (-3.9634,-92.6829,-4.8780)
acc: (0.9890,0.0144,0.2175), gyro; (3.0488,-87.1951,-2.0122)
acc: (0.9905,0.0173,0.2119), gyro; (5.6707,-81.7683,-1.9512)
acc: (0.9932,0.0117,0.1909), gyro; (5.6098,-79.8171,-1.5854)
acc: (0.9934,-0.0029,0.1714), gyro; (27.5610,-79.0244,0.1829)
acc: (0.9978,0.0049,0.1267), gyro; (67.3781,-82.3171,2.2561)
acc: (1.0137,0.0510,-0.1240), gyro; (101.9512,-91.0366,-1.6463)
acc: (1.0107,0.0320,-0.2993), gyro; (103.1098,-166.4634,-6.3415)
acc: (0.9263,0.2905,-0.3254), gyro; (79.2683,-275.6707,-6.0976)
acc: (0.8279,0.5073,-0.3040), gyro; (-20.1220,-384.0854,-73.5366)
acc: (0.8862,0.0234,-0.1643), gyro; (-141.4024,-485.8537,-183.5976)
acc: (1.1672,-0.8215,0.3635), gyro; (-234.1463,-474.6342,-30.9756)
acc: (1.0312,0.0874,0.0120), gyro; (-222.3171,-362.9268,34.6951)
acc: (0.9680,0.0503,-0.2114), gyro; (-196.5854,-314.2683,35.9146)
acc: (0.9573,0.0120,-0.2649), gyro; (-157.9268,-295.9146,47.8049)
acc: (0.9148,0.0125,-0.3511), gyro; (-117.9268,-287.9878,55.7927)
